MatBrO,ImeOpsCir,ImeOpsLat,AREA_1,AREA_2,AREA_3,AREA_4,AREA_5,AREA_6,POP_1,POP_2,POP_3,POP_4,POP_5,POP_6,DENS_1,DENS_2,DENS_3,DENS_4,DENS_5,DENS_6
"80373",СЕЧАЊ,SEČANJ,524.05,0.00,0.00,0.00,0.00,0.00,11899.57,0.00,0.00,0.00,0.00,0.00,22.71,0.00,0.00,0.00,0.00,0.00
"70653",КРАЉЕВО,KRALJEVO,64.95,629.76,387.03,185.60,256.63,6.12,29811.29,91700.24,2075.14,774.96,800.27,10.98,459.01,145.61,5.36,4.18,3.12,1.79
"70394",ВЕЛИКО ГРАДИШТЕ,VELIKO GRADIŠTE,288.14,54.18,0.00,0.00,0.00,0.00,15459.19,668.34,0.00,0.00,0.00,0.00,53.65,12.34,0.00,0.00,0.00,0.00
"70904",ПАРАЋИН,PARAĆIN,165.09,228.08,110.55,35.95,0.99,0.00,41256.19,10368.96,17.52,3.72,0.00,0.00,249.90,45.46,0.16,0.10,0.00,0.00
"80349",ПЛАНДИШТЕ,PLANDIŠTE,383.32,0.00,0.00,0.00,0.00,0.00,10354.65,0.00,0.00,0.00,0.00,0.00,27.01,0.00,0.00,0.00,0.00,0.00
"71161",ТРГОВИШТЕ,TRGOVIŠTE,0.00,0.23,69.15,77.68,206.13,17.79,0.00,1.26,2806.05,1327.52,365.81,30.35,0.00,5.53,40.58,17.09,1.77,1.71
"70149",ЗВЕЗДАРА,ZVEZDARA,16.84,14.30,0.00,0.00,0.00,0.00,103238.74,54565.44,0.00,0.00,0.00,0.00,6130.10,3815.41,0.00,0.00,0.00,0.00
"70661",КРУПАЊ,KRUPANJ,16.46,221.30,87.77,16.40,0.00,0.00,2659.97,11901.47,1244.07,60.15,0.00,0.00,161.58,53.78,14.17,3.67,0.00,0.00
"70912",ПЕТРОВАЦ НА МЛАВИ,PETROVAC NA MLAVI,249.59,349.71,53.97,1.68,0.00,0.00,21857.90,7550.02,2.58,0.00,0.00,0.00,87.58,21.59,0.05,0.00,0.00,0.00
"80101",БЕОЧИН,BEOČIN,107.17,76.12,0.87,0.00,0.00,0.00,14957.66,351.86,1.38,0.00,0.00,0.00,139.57,4.62,1.58,0.00,0.00,0.00
"71170",ТРСТЕНИК,TRSTENIK,103.56,280.97,60.68,2.56,0.00,0.00,27572.83,11776.71,479.12,4.07,0.00,0.00,266.24,41.91,7.90,1.59,0.00,0.00
"80357",РУМА,RUMA,581.88,0.84,0.00,0.00,0.00,0.00,51060.07,0.00,0.00,0.00,0.00,0.00,87.75,0.00,0.00,0.00,0.00,0.00
"80098",БЕЛА ЦРКВА,BELA CRKVA,341.41,13.08,0.00,0.00,0.00,0.00,15895.53,0.00,0.00,0.00,0.00,0.00,46.56,0.00,0.00,0.00,0.00,0.00
"70637",КОЦЕЉЕВА,KOCELJEVA,134.69,122.57,0.00,0.00,0.00,0.00,7898.99,4043.00,0.00,0.00,0.00,0.00,58.65,32.99,0.00,0.00,0.00,0.00
"70122",ГРОЦКА,GROCKA,208.13,91.04,0.00,0.00,0.00,0.00,79869.52,6739.64,0.00,0.00,0.00,0.00,383.74,74.03,0.00,0.00,0.00,0.00
"70378",ВАРВАРИН,VARVARIN,102.47,137.69,9.24,0.00,0.00,0.00,13270.41,3509.41,0.00,0.00,0.00,0.00,129.50,25.49,0.00,0.00,0.00,0.00
"71145",УЖИЦЕ,UŽICE,0.00,73.93,357.90,155.57,79.21,0.28,0.00,48197.08,23669.86,2429.58,254.53,0.00,0.00,651.90,66.13,15.62,3.21,0.00
"80071",БАЧКА ТОПОЛА,BAČKA TOPOLA,595.63,0.00,0.00,0.00,0.00,0.00,30813.83,0.00,0.00,0.00,0.00,0.00,51.73,0.00,0.00,0.00,0.00,0.00
"70645",КРАГУЈЕВАЦ,KRAGUJEVAC,69.21,630.80,127.77,6.25,0.88,0.00,77885.30,99942.57,176.64,10.25,1.65,0.00,1125.36,158.44,1.38,1.64,1.88,0.00
"70386",ВЕЛИКА ПЛАНА,VELIKA PLANA,314.47,31.67,0.00,0.00,0.00,0.00,38096.60,648.32,0.00,0.00,0.00,0.00,121.15,20.47,0.00,0.00,0.00,0.00
"71153",ТОПОЛА,TOPOLA,114.16,218.02,20.73,3.40,0.25,0.00,7807.56,12653.49,283.95,12.16,0.00,0.00,68.39,58.04,13.70,3.57,0.00,0.00
"80080",БАЧКИ ПЕТРОВАЦ,BAČKI PETROVAC,158.70,0.00,0.00,0.00,0.00,0.00,12675.20,0.00,0.00,0.00,0.00,0.00,79.87,0.00,0.00,0.00,0.00,0.00
"70360",ВАЉЕВО,VALJEVO,69.28,559.67,174.66,79.26,22.52,0.00,43137.35,40548.24,1826.82,673.83,71.28,0.00,622.62,72.45,10.46,8.50,3.16,0.00
"70106",ВОЖДОВАЦ,VOŽDOVAC,57.64,90.88,0.00,0.00,0.00,0.00,117223.56,41730.54,0.00,0.00,0.00,0.00,2033.56,459.18,0.00,0.00,0.00,0.00
"70874",НОВИ ПАЗАР,NOVI PAZAR,0.00,9.01,272.37,232.80,219.71,9.26,0.00,26673.95,75011.08,2049.76,1912.85,129.96,0.00,2961.77,275.40,8.80,8.71,14.03
"71129",СОКОБАЊА,SOKOBANJA,0.00,175.66,242.16,76.77,30.85,0.03,0.00,13232.99,1285.34,221.44,10.54,0.00,0.00,75.33,5.31,2.88,0.34,0.00
"80055",БАЧ,BAČ,367.37,0.00,0.00,0.00,0.00,0.00,13417.38,0.00,0.00,0.00,0.00,0.00,36.52,0.00,0.00,0.00,0.00,0.00
"70629",КОСЈЕРИЋ,KOSJERIĆ,0.00,49.83,242.21,55.11,11.39,0.00,0.00,7339.76,2441.87,1361.36,0.00,0.00,0.00,147.29,10.08,24.70,0.00,0.00
"80314",ПАНЧЕВО,PANČEVO,755.39,0.00,0.00,0.00,0.00,0.00,119734.79,0.00,0.00,0.00,0.00,0.00,158.51,0.00,0.00,0.00,0.00,0.00
"70114",ВРАЧАР,VRAČAR,2.89,0.00,0.00,0.00,0.00,0.00,54511.01,0.00,0.00,0.00,0.00,0.00,18848.48,0.00,0.00,0.00,0.00,0.00
"70092",БАРАЈЕВО,BARAJEVO,142.06,71.08,0.00,0.00,0.00,0.00,13247.99,14551.05,0.00,0.00,0.00,0.00,93.26,204.71,0.00,0.00,0.00,0.00
"70882",ОСЕЧИНА,OSEČINA,7.90,250.26,48.08,12.56,0.00,0.00,1624.48,9052.28,572.42,87.51,0.00,0.00,205.75,36.17,11.91,6.97,0.00,0.00
"71137",СУРДУЛИЦА,SURDULICA,0.00,33.37,61.91,83.40,385.70,64.03,0.00,11341.05,6402.05,491.40,762.19,213.60,0.00,339.89,103.40,5.89,1.98,3.34
"80063",БАЧКА ПАЛАНКА,BAČKA PALANKA,581.44,9.05,0.00,0.00,0.00,0.00,52292.07,81.12,0.00,0.00,0.00,0.00,89.94,8.97,0.00,0.00,0.00,0.00
"70343",БРУС,BRUS,0.00,98.18,182.41,129.80,175.51,19.86,0.00,9976.12,2940.01,1104.27,890.63,166.33,0.00,101.62,16.12,8.51,5.07,8.38
"80322",ПЕЋИНЦИ,PEĆINCI,488.51,0.00,0.00,0.00,0.00,0.00,18655.33,0.00,0.00,0.00,0.00,0.00,38.19,0.00,0.00,0.00,0.00,0.00
"70599",КНИЋ,KNIĆ,0.00,347.75,64.38,0.70,0.00,0.00,0.00,13137.59,93.69,2.68,0.00,0.00,0.00,37.78,1.46,3.84,0.00,0.00
"70602",КЊАЖЕВАЦ,KNJAŽEVAC,15.28,401.45,541.64,151.52,79.38,13.01,879.76,25980.68,1398.63,109.58,228.10,28.75,57.56,64.72,2.58,0.72,2.87,2.21
"80039",АЛИБУНАР,ALIBUNAR,597.89,0.00,0.00,0.00,0.00,0.00,18697.72,0.00,0.00,0.00,0.00,0.00,31.27,0.00,0.00,0.00,0.00,0.00
"70351",БУЈАНОВАЦ,BUJANOVAC,0.00,142.36,240.67,41.69,36.13,0.00,-99999.00,-99999.00,-99999.00,-99999.00,-99999.00,-99999.00,-99999.00,-99999.00,-99999.00,-99999.00,-99999.00,-99999.00
"70076",БАТОЧИНА,BATOČINA,97.71,37.92,0.00,0.00,0.00,0.00,10791.11,601.98,0.00,0.00,0.00,0.00,110.44,15.88,0.00,0.00,0.00,0.00
"70866",НОВА ВАРОШ,NOVA VAROŠ,0.00,1.35,28.26,129.85,422.19,0.50,0.00,119.47,1314.17,6148.37,7503.06,0.00,0.00,88.60,46.51,47.35,17.77,0.00
"80047",АПАТИН,APATIN,380.09,0.00,0.00,0.00,0.00,0.00,26872.99,0.00,0.00,0.00,0.00,0.00,70.70,0.00,0.00,0.00,0.00,0.00
"71099",СМЕДЕРЕВО,SMEDEREVO,444.48,36.90,0.00,0.00,0.00,0.00,101754.79,3874.00,0.00,0.00,0.00,0.00,228.93,104.98,0.00,0.00,0.00,0.00
"70327",БОР,BOR,12.15,486.24,241.94,95.76,20.50,0.00,2250.44,41635.15,800.40,151.35,68.49,0.00,185.17,85.63,3.31,1.58,3.34,0.00
"71102",СМЕДЕРЕВСКА ПАЛАНКА,SMEDEREVSKA PALANKA,360.38,61.21,0.00,0.00,0.00,0.00,45090.97,2024.50,0.00,0.00,0.00,0.00,125.12,33.08,0.00,0.00,0.00,0.00
"80306",ОЏАЦИ,ODŽACI,411.02,0.00,0.00,0.00,0.00,0.00,27564.48,0.00,0.00,0.00,0.00,0.00,67.06,0.00,0.00,0.00,0.00,0.00
"70840",НЕГОТИН,NEGOTIN,468.60,574.70,41.02,5.33,0.64,0.00,29300.01,4581.47,73.49,0.00,0.00,0.00,62.53,7.97,1.79,0.00,0.00,0.00
"71358",ВРАЊСКА БАЊА,VRANJSKA BANJA,0.00,29.40,60.67,51.08,108.50,8.83,0.00,7809.80,560.41,123.31,722.37,20.72,0.00,265.60,9.24,2.41,6.66,2.35
"70084",БЕЛА ПАЛАНКА,BELA PALANKA,0.00,161.10,202.25,84.22,67.19,2.18,0.00,10520.49,426.92,23.37,50.26,29.09,0.00,65.30,2.11,0.28,0.75,13.37
"80284",НОВИ САД,NOVI SAD,609.92,0.00,0.00,0.00,0.00,0.00,320902.73,0.00,0.00,0.00,0.00,0.00,526.14,0.00,0.00,0.00,0.00,0.00
"70335",БОСИЛЕГРАД,BOSILEGRAD,0.00,0.00,17.72,105.30,368.62,79.49,0.00,0.00,4304.64,1134.48,1511.23,361.38,0.00,0.00,242.90,10.77,4.10,4.55
"80292",ОПОВО,OPOVO,203.52,0.00,0.00,0.00,0.00,0.00,10022.25,0.00,0.00,0.00,0.00,0.00,49.24,0.00,0.00,0.00,0.00,0.00
"70572",КЛАДОВО,KLADOVO,318.70,297.30,11.12,0.00,0.00,0.00,18923.11,185.36,0.00,0.00,0.00,0.00,59.38,0.62,0.00,0.00,0.00,0.00
"71340",КОСТОЛАЦ,KOSTOLAC,101.21,0.00,0.00,0.00,0.00,0.00,13469.76,0.00,0.00,0.00,0.00,0.00,133.08,0.00,0.00,0.00,0.00,0.00
"80012",АДА,ADA,227.03,0.00,0.00,0.00,0.00,0.00,15897.89,0.00,0.00,0.00,0.00,0.00,70.02,0.00,0.00,0.00,0.00,0.00
"70068",БАЈИНА БАШТА,BAJINA BAŠTA,1.62,141.48,215.09,148.57,165.66,0.80,486.75,19915.34,1286.73,1328.44,1309.64,0.06,300.66,140.76,5.98,8.94,7.91,0.07
"70823",МЕРОШИНА,MEROŠINA,5.81,157.67,26.88,2.98,0.00,0.00,832.13,12560.28,6.86,0.02,0.00,0.00,143.21,79.66,0.26,0.01,0.00,0.00
"80268",НОВИ БЕЧЕЈ,NOVI BEČEJ,608.62,0.00,0.00,0.00,0.00,0.00,22319.69,0.00,0.00,0.00,0.00,0.00,36.67,0.00,0.00,0.00,0.00,0.00
"70319",БОЉЕВАЦ,BOLJEVAC,8.47,402.82,296.33,110.11,9.96,0.04,120.30,11049.80,512.30,9.81,2.71,0.00,14.21,27.43,1.73,0.09,0.27,0.00
"80519",НОВИ САД,NOVI SAD,52.28,36.64,0.36,0.00,0.00,0.00,33775.47,1516.08,8.58,0.00,0.00,0.00,646.11,41.38,24.16,0.00,0.00,0.00
"80276",НОВИ КНЕЖЕВАЦ,NOVI KNEŽEVAC,305.36,0.00,0.00,0.00,0.00,0.00,10406.53,0.00,0.00,0.00,0.00,0.00,34.08,0.00,0.00,0.00,0.00,0.00
"70831",МИОНИЦА,MIONICA,68.34,186.88,61.37,11.84,0.87,0.00,5991.11,6699.90,545.40,0.00,0.00,0.00,87.67,35.85,8.89,0.00,0.00,0.00
"70556",ЗАЈЕЧАР,ZAJEČAR,224.58,762.03,70.70,9.60,1.78,0.00,48432.91,7285.68,21.87,66.26,0.00,0.00,215.66,9.56,0.31,6.90,0.00,0.00
"71323",ПАЛИЛУЛА (НИШ),PALILULA (NIŠ),43.43,61.45,11.96,0.38,0.00,0.00,35700.98,39474.00,0.00,0.00,0.00,0.00,822.09,642.42,0.00,0.00,0.00,0.00
"70041",АРИЉЕ,ARILJE,0.00,72.53,167.54,78.58,30.53,0.00,0.00,14848.05,1680.85,983.48,544.60,0.00,0.00,204.71,10.03,12.51,17.84,0.00
"70297",БОЈНИК,BOJNIK,0.00,210.86,33.91,7.79,11.30,0.00,0.00,9989.27,101.09,18.75,29.23,0.00,0.00,47.37,2.98,2.41,2.59,0.00
"70807",МАЛО ЦРНИЋЕ,MALO CRNIĆE,210.52,58.84,0.00,0.00,0.00,0.00,9777.53,576.31,0.00,0.00,0.00,0.00,46.45,9.79,0.00,0.00,0.00,0.00
"71064",СВРЉИГ,SVRLJIG,0.00,140.51,299.05,31.23,26.50,0.00,0.00,9810.44,3008.57,0.00,38.63,0.00,0.00,69.82,10.06,0.00,1.46,0.00
"70564",ИВАЊИЦА,IVANJICA,0.00,20.93,236.78,278.19,505.63,48.18,0.00,16902.11,7432.46,1707.81,3923.85,33.29,0.00,807.74,31.39,6.14,7.76,0.69
"70050",БАБУШНИЦА,BABUŠNICA,0.00,43.90,244.57,123.18,116.16,0.85,0.00,5679.54,4164.49,548.61,452.26,4.87,0.00,129.39,17.03,4.45,3.89,5.73
"71331",МЕДИЈАНА,MEDIJANA,7.90,2.77,0.00,0.00,0.00,0.00,72756.77,11543.75,0.00,0.00,0.00,0.00,9214.33,4163.97,0.00,0.00,0.00,0.00
"80250",НОВА ЦРЊА,NOVA CRNJA,272.61,0.00,0.00,0.00,0.00,0.00,9188.71,0.00,0.00,0.00,0.00,0.00,33.71,0.00,0.00,0.00,0.00,0.00
"70815",МЕДВЕЂА,MEDVEĐA,0.00,64.49,331.75,105.50,22.19,0.00,0.00,4169.00,1688.36,330.95,15.71,0.00,0.00,64.65,5.09,3.14,0.71,0.00
"71072",СЈЕНИЦА,SJENICA,0.00,0.00,6.86,34.79,997.40,19.32,0.00,0.00,125.28,355.46,24665.49,231.28,0.00,0.00,18.28,10.22,24.73,11.97
"71307",ПАНТЕЛЕЈ,PANTELEJ,0.89,85.79,52.73,2.25,0.06,0.00,2683.31,50319.51,490.18,2.74,0.00,0.00,3005.31,586.51,9.30,1.22,0.00,0.00
"70025",АЛЕКСИНАЦ,ALEKSINAC,166.98,388.84,124.51,19.23,7.40,0.00,33711.95,14267.02,622.54,10.53,0.00,0.00,201.90,36.69,5.00,0.55,0.00,0.00
"71048",ЈАГОДИНА,JAGODINA,217.78,236.73,15.11,0.00,0.00,0.00,67384.47,3675.16,13.04,0.00,0.00,0.00,309.42,15.52,0.86,0.00,0.00,0.00
"70548",ЖИТОРАЂА,ŽITORAĐA,1.05,195.12,16.76,1.20,0.00,0.00,18.97,15296.97,34.13,5.15,0.00,0.00,18.00,78.40,2.04,4.29,0.00,0.00
"70793",МАЛИ ЗВОРНИК,MALI ZVORNIK,26.76,105.75,50.32,1.04,0.00,0.00,10002.26,1512.16,119.74,0.00,0.00,0.00,373.75,14.30,2.38,0.00,0.00,0.00
"71315",ЦРВЕНИ КРСТ,CRVENI KRST,54.47,111.37,15.67,0.00,0.00,0.00,17178.18,15920.06,247.99,0.00,0.00,0.00,315.36,142.94,15.83,0.00,0.00,0.00
"70033",АРАНЂЕЛОВАЦ,ARANĐELOVAC,66.11,300.72,8.96,0.00,0.00,0.00,6059.73,38491.58,97.47,0.00,0.00,0.00,91.66,128.00,10.87,0.00,0.00,0.00
"80233",КУЛА,KULA,481.42,0.00,0.00,0.00,0.00,0.00,40264.67,0.00,0.00,0.00,0.00,0.00,83.64,0.00,0.00,0.00,0.00,0.00
"71056",СВИЛАЈНАЦ,SVILAJNAC,221.58,103.86,0.00,0.00,0.00,0.00,20192.30,2149.78,0.00,0.00,0.00,0.00,91.13,20.70,0.00,0.00,0.00,0.00
"70289",БОГАТИЋ,BOGATIĆ,384.46,0.00,0.00,0.00,0.00,0.00,26829.39,0.00,0.00,0.00,0.00,0.00,69.78,0.00,0.00,0.00,0.00,0.00
"80489",ЧОКА,ČOKA,321.24,0.00,0.00,0.00,0.00,0.00,10282.55,0.00,0.00,0.00,0.00,0.00,32.01,0.00,0.00,0.00,0.00,0.00
"80241",МАЛИ ИЂОШ,MALI IĐOŠ,181.08,0.00,0.00,0.00,0.00,0.00,11240.40,0.00,0.00,0.00,0.00,0.00,62.07,0.00,0.00,0.00,0.00,0.00
"71293",СУРЧИН,SURČIN,288.10,0.00,0.00,0.00,0.00,0.00,45529.87,0.00,0.00,0.00,0.00,0.00,158.03,0.00,0.00,0.00,0.00,0.00
"80497",ШИД,ŠID,655.24,30.51,0.00,0.00,0.00,0.00,31287.77,423.96,0.00,0.00,0.00,0.00,47.75,13.90,0.00,0.00,0.00,0.00
"70521",ЖАБАРИ,ŽABARI,210.90,52.90,0.00,0.00,0.00,0.00,9202.74,1336.17,0.00,0.00,0.00,0.00,43.64,25.26,0.00,0.00,0.00,0.00
"70777",ЉУБОВИЈА,LJUBOVIJA,21.72,143.42,131.99,50.31,8.70,0.00,7109.71,3860.65,1596.93,553.65,105.88,0.00,327.30,26.92,12.10,11.01,12.17,0.00
"70017",АЛЕКСАНДРОВАЦ,ALEKSANDROVAC,1.77,165.76,95.22,49.20,70.32,4.37,204.65,21003.08,2603.80,662.97,499.05,4.17,115.64,126.71,27.34,13.47,7.10,0.95
"80217",КОВАЧИЦА,KOVAČICA,419.72,0.00,0.00,0.00,0.00,0.00,23763.19,0.00,0.00,0.00,0.00,0.00,56.62,0.00,0.00,0.00,0.00,0.00
"70530",ЖАГУБИЦА,ŽAGUBICA,0.99,264.82,368.76,82.77,42.70,0.00,0.00,11449.50,146.53,99.73,10.61,0.00,0.00,43.23,0.40,1.20,0.25,0.00
"70785",МАЈДАНПЕК,MAJDANPEK,88.86,540.63,295.32,6.79,0.00,0.00,7192.45,6723.10,2591.72,0.00,0.00,0.00,80.94,12.44,8.78,0.00,0.00,0.00
"70254",ЧУКАРИЦА,ČUKARICA,125.71,31.31,0.00,0.00,0.00,0.00,158274.18,26169.53,0.00,0.00,0.00,0.00,1259.02,835.91,0.00,0.00,0.00,0.00
"71021",РАШКА,RAŠKA,0.00,70.94,267.50,115.65,162.22,53.83,0.00,18818.74,3389.10,461.38,312.09,308.86,0.00,265.27,12.67,3.99,1.92,5.74
"80225",КОВИН,KOVIN,738.10,0.00,0.00,0.00,0.00,0.00,31959.27,0.00,0.00,0.00,0.00,0.00,43.30,0.00,0.00,0.00,0.00,0.00
"71277",ЛАПОВО,LAPOVO,50.28,4.81,0.00,0.00,0.00,0.00,7540.20,0.00,0.00,0.00,0.00,0.00,149.96,0.00,0.00,0.00,0.00,0.00
"70505",ДИМИТРОВГРАД,DIMITROVGRAD,0.00,15.99,216.80,140.16,91.55,18.61,0.00,8042.91,849.01,211.72,190.92,15.53,0.00,502.92,3.92,1.51,2.09,0.83
"70262",БЛАЦЕ,BLACE,0.00,167.42,113.29,20.53,5.02,0.00,0.00,10101.64,673.35,0.42,0.00,0.00,0.00,60.34,5.94,0.02,0.00,0.00
"80462",ВРБАС,VRBAS,375.51,0.00,0.00,0.00,0.00,0.00,39839.62,0.00,0.00,0.00,0.00,0.00,106.10,0.00,0.00,0.00,0.00,0.00
"71030",РЕКОВАЦ,REKOVAC,6.34,261.03,96.54,2.13,0.00,0.00,441.81,9195.85,292.32,0.20,0.00,0.00,69.72,35.23,3.03,0.09,0.00,0.00
"71285",НИШКА БАЊА,NIŠKA BANJA,0.11,78.98,59.98,5.35,1.06,0.00,36.16,14542.82,91.48,1.26,0.00,0.00,330.09,184.14,1.53,0.24,0.00,0.00
"70513",ДОЉЕВАЦ,DOLJEVAC,44.94,67.19,9.05,0.03,0.00,0.00,11645.42,6134.06,0.00,0.00,0.00,0.00,259.15,91.29,0.00,0.00,0.00,0.00
"70769",ЉИГ,LJIG,62.13,196.35,19.03,1.22,0.00,0.00,7094.44,4643.90,58.66,0.00,0.00,0.00,114.19,23.65,3.08,0.00,0.00,0.00
"70238",СОПОТ,SOPOT,79.01,190.50,1.18,0.00,0.00,0.00,7364.62,12567.14,84.88,0.00,0.00,0.00,93.21,65.97,71.81,0.00,0.00,0.00
"70491",ДЕСПОТОВАЦ,DESPOTOVAC,65.94,253.76,159.03,108.33,36.21,0.00,8870.78,11963.54,908.60,47.90,0.00,0.00,134.53,47.14,5.71,0.44,0.00,0.00
"80209",КИКИНДА,KIKINDA,782.32,0.00,0.00,0.00,0.00,0.00,55428.29,0.00,0.00,0.00,0.00,0.00,70.85,0.00,0.00,0.00,0.00,0.00
"71005",РАЖАЊ,RAŽANJ,24.59,220.01,41.81,2.44,0.00,0.00,1168.02,7000.90,0.00,0.00,0.00,0.00,47.51,31.82,0.00,0.00,0.00,0.00
"80187",ИРИГ,IRIG,130.55,98.97,0.72,0.00,0.00,0.00,5697.98,4443.34,21.76,0.00,0.00,0.00,43.64,44.90,30.14,0.00,0.00,0.00
"80446",ТЕМЕРИН,TEMERIN,169.63,0.00,0.00,0.00,0.00,0.00,27816.30,0.00,0.00,0.00,0.00,0.00,163.98,0.00,0.00,0.00,0.00,0.00
"70246",СТАРИ ГРАД,STARI GRAD,5.43,0.00,0.00,0.00,0.00,0.00,44828.38,0.00,0.00,0.00,0.00,0.00,8256.34,0.00,0.00,0.00,0.00,0.00
"71013",РАЧА,RAČA,94.47,121.61,0.00,0.00,0.00,0.00,7199.92,3537.39,0.00,0.00,0.00,0.00,76.22,29.09,0.00,0.00,0.00,0.00
"71269",ШАБАЦ,ŠABAC,686.13,107.56,3.00,0.00,0.00,0.00,108707.44,2231.06,0.00,0.00,0.00,0.00,158.44,20.74,0.00,0.00,0.00,0.00
"80195",КАЊИЖА,KANJIŽA,398.46,0.00,0.00,0.00,0.00,0.00,23961.22,0.00,0.00,0.00,0.00,0.00,60.13,0.00,0.00,0.00,0.00,0.00
"70220",САВСКИ ВЕНАЦ,SAVSKI VENAC,14.09,0.26,0.00,0.00,0.00,0.00,37071.76,380.78,0.00,0.00,0.00,0.00,2630.61,1450.59,0.00,0.00,0.00,0.00
"70475",ГОЛУБАЦ,GOLUBAC,140.95,183.81,43.13,0.03,0.00,0.00,6920.20,661.53,0.00,0.00,0.00,0.00,49.10,3.60,0.00,0.00,0.00,0.00
"80454",ТИТЕЛ,TITEL,259.84,0.00,0.00,0.00,0.00,0.00,14922.10,0.00,0.00,0.00,0.00,0.00,57.43,0.00,0.00,0.00,0.00,0.00
"70734",ЛОЗНИЦА,LOZNICA,304.13,284.85,23.15,0.00,0.00,0.00,65627.29,9198.01,225.08,0.00,0.00,0.00,215.79,32.29,9.72,0.00,0.00,0.00
"70483",ГОРЊИ МИЛАНОВАЦ,GORNJI MILANOVAC,0.00,456.12,364.77,13.90,1.75,0.00,0.00,37073.50,5239.48,10.92,0.21,0.00,0.00,81.28,14.36,0.79,0.12,0.00
"71242",ЧАЧАК,ČAČAK,0.00,515.20,118.01,3.24,0.00,0.00,0.00,111972.88,855.67,12.36,0.00,0.00,0.00,217.34,7.25,3.82,0.00,0.00
"70742",ЛУЧАНИ,LUČANI,0.00,213.34,218.97,19.47,2.61,0.00,0.00,14954.04,3799.80,136.87,21.08,0.00,0.00,70.10,17.35,7.03,8.07,0.00
"70998",ПРОКУПЉЕ,PROKUPLJE,0.00,345.32,289.98,86.96,36.85,0.00,0.00,39063.10,2842.22,97.43,54.60,0.00,0.00,113.12,9.80,1.12,1.48,0.00
"80179",ИНЂИЈА,INĐIJA,370.68,15.47,0.00,0.00,0.00,0.00,45307.10,408.17,0.00,0.00,0.00,0.00,122.23,26.39,0.00,0.00,0.00,0.00
"70203",ПАЛИЛУЛА (БЕОГРАД),PALILULA (БЕОГРАД),445.15,6.07,0.00,0.00,0.00,0.00,177022.54,1893.71,0.00,0.00,0.00,0.00,397.67,312.06,0.00,0.00,0.00,0.00
"70459",ВРЊАЧКА БАЊА,VRNJAČKA BANJA,39.62,88.72,40.90,39.94,29.96,0.00,10784.67,16429.15,87.92,188.13,43.79,0.00,272.17,185.18,2.15,4.71,1.46,0.00
"80438",СУБОТИЦА,SUBOTICA,1007.40,0.00,0.00,0.00,0.00,0.00,136344.08,0.00,0.00,0.00,0.00,0.00,135.34,0.00,0.00,0.00,0.00,0.00
"70718",ЛЕБАНЕ,LEBANE,0.00,208.42,103.35,23.56,1.50,0.00,0.00,19704.29,640.05,117.59,0.70,0.00,0.00,94.54,6.19,4.99,0.47,0.00
"70971",ПРИБОЈ,PRIBOJ,0.00,26.86,183.21,162.85,180.11,0.00,0.00,21040.04,3018.61,810.83,510.42,0.00,0.00,783.37,16.48,4.98,2.83,0.00
"80411",СРЕМСКИ КАРЛОВЦИ,SREMSKI KARLOVCI,34.84,15.66,0.00,0.00,0.00,0.00,8428.18,142.31,0.00,0.00,0.00,0.00,241.88,9.09,0.00,0.00,0.00,0.00
"70211",РАКОВИЦА,RAKOVICA,29.41,0.63,0.00,0.00,0.00,0.00,110428.96,499.21,0.00,0.00,0.00,0.00,3755.12,786.80,0.00,0.00,0.00,0.00
"70467",ГАЏИН ХАН,GADŽIN HAN,0.54,135.42,119.99,21.84,29.73,17.26,18.65,5423.80,1373.27,80.53,84.83,421.44,34.42,40.05,11.45,3.69,2.85,24.42
"71226",ЦРНА ТРАВА,CRNA TRAVA,0.00,2.11,20.15,53.56,216.33,19.96,0.00,102.52,122.44,530.55,582.45,12.13,0.00,48.62,6.08,9.91,2.69,0.61
"80152",ЗРЕЊАНИН,ZRENJANIN,1325.80,0.00,0.00,0.00,0.00,0.00,117682.39,0.00,0.00,0.00,0.00,0.00,88.76,0.00,0.00,0.00,0.00,0.00
"70980",ПРИЈЕПОЉЕ,PRIJEPOLJE,0.00,21.50,180.95,166.19,432.43,25.73,0.00,21502.36,8641.94,2170.49,2425.07,34.97,0.00,1000.27,47.76,13.06,5.61,1.36
"70726",ЛЕСКОВАЦ,LESKOVAC,7.50,680.75,208.89,96.91,31.12,0.00,1080.86,133079.63,2467.99,180.90,41.76,0.00,144.10,195.49,11.81,1.87,1.34,0.00
"80420",СТАРА ПАЗОВА,STARA PAZOVA,343.92,0.00,0.00,0.00,0.00,0.00,63920.40,0.00,0.00,0.00,0.00,0.00,185.86,0.00,0.00,0.00,0.00,0.00
"70190",ОБРЕНОВАЦ,OBRENOVAC,408.57,1.55,0.00,0.00,0.00,0.00,71870.17,80.35,0.00,0.00,0.00,0.00,175.91,51.79,0.00,0.00,0.00,0.00
"70700",ЛАЈКОВАЦ,LAJKOVAC,164.96,20.81,0.00,0.00,0.00,0.00,13785.51,851.67,0.00,0.00,0.00,0.00,83.57,40.93,0.00,0.00,0.00,0.00
"71234",ЧАЈЕТИНА,ČAJETINA,0.00,0.69,142.77,289.70,213.62,0.00,0.00,0.09,3914.86,8399.50,1817.40,0.00,0.00,0.13,27.42,28.99,8.51,0.00
"70955",ПОЖЕГА,POŽEGA,0.00,196.26,208.22,19.69,2.25,0.00,0.00,24787.65,3146.77,102.12,11.58,0.00,0.00,126.30,15.11,5.19,5.15,0.00
"70696",КУЧЕВО,KUČEVO,85.74,468.18,165.25,1.96,0.00,0.00,9632.93,4335.98,36.86,0.00,0.00,0.00,112.35,9.26,0.22,0.00,0.00,0.00
"80136",ЖАБАЉ,ŽABALJ,399.83,0.00,0.00,0.00,0.00,0.00,25113.73,0.00,0.00,0.00,0.00,0.00,62.81,0.00,0.00,0.00,0.00,0.00
"70963",ПРЕШЕВО,PREŠEVO,0.00,82.18,129.26,51.38,1.90,0.00,-99999.00,-99999.00,-99999.00,-99999.00,-99999.00,-99999.00,-99999.00,-99999.00,-99999.00,-99999.00,-99999.00,-99999.00
"80403",СРЕМСКА МИТРОВИЦА,SREMSKA MITROVICA,679.14,81.85,0.09,0.00,0.00,0.00,75353.94,768.15,0.00,0.00,0.00,0.00,110.95,9.39,0.00,0.00,0.00,0.00
"71218",УБ,UB,422.11,34.81,0.00,0.00,0.00,0.00,26561.51,769.73,0.00,0.00,0.00,0.00,62.93,22.11,0.00,0.00,0.00,0.00
"70173",МЛАДЕНОВАЦ,MLADENOVAC,183.02,155.35,0.33,0.00,0.00,0.00,38984.41,13463.62,22.90,0.00,0.00,0.00,213.00,86.67,68.51,0.00,0.00,0.00
"80144",ЖИТИШТЕ,ŽITIŠTE,524.96,0.00,0.00,0.00,0.00,0.00,15205.56,0.00,0.00,0.00,0.00,0.00,28.97,0.00,0.00,0.00,0.00,0.00
"70939",ПИРОТ,PIROT,0.00,222.97,420.49,222.77,289.89,76.07,0.00,51418.71,2587.18,375.03,92.93,91.96,0.00,230.60,6.15,1.68,0.32,1.21
"71196",ЋИЋЕВАЦ,ĆIĆEVAC,48.56,75.25,0.00,0.00,0.00,0.00,8000.39,822.30,0.00,0.00,0.00,0.00,164.74,10.93,0.00,0.00,0.00,0.00
"70424",ВЛАСОТИНЦЕ,VLASOTINCE,0.00,130.24,132.88,24.78,19.98,0.00,0.00,25789.00,1886.39,268.40,66.45,0.00,0.00,198.01,14.20,10.83,3.33,0.00
"80381",СОМБОР,SOMBOR,1216.76,0.00,0.00,0.00,0.00,0.00,79921.89,0.00,0.00,0.00,0.00,0.00,65.68,0.00,0.00,0.00,0.00,0.00
"70181",НОВИ БЕОГРАД,NOVI BEOGRAD,40.77,0.00,0.00,0.00,0.00,0.00,209470.91,0.00,0.00,0.00,0.00,0.00,5137.52,0.00,0.00,0.00,0.00,0.00
"70947",ПОЖАРЕВАЦ,POŽAREVAC,360.00,18.82,0.00,0.00,0.00,0.00,60564.52,218.12,0.00,0.00,0.00,0.00,168.24,11.59,0.00,0.00,0.00,0.00
"70432",ВРАЊЕ,VRANJE,0.00,122.43,219.39,139.75,117.81,0.40,0.00,58515.93,11464.09,686.62,624.37,2.15,0.00,477.95,52.25,4.91,5.30,5.35
"70688",КУРШУМЛИЈА,KURŠUMLIJA,0.00,144.15,482.22,220.54,102.78,1.93,0.00,15464.76,1820.50,421.87,202.27,5.43,0.00,107.29,3.78,1.91,1.97,2.81
"71200",ЋУПРИЈА,ĆUPRIJA,140.34,126.42,21.54,0.00,0.00,0.00,25981.37,2959.78,0.00,0.00,0.00,0.00,185.14,23.41,0.00,0.00,0.00,0.00
"80390",СРБОБРАН,SRBOBRAN,284.17,0.00,0.00,0.00,0.00,0.00,15412.90,0.00,0.00,0.00,0.00,0.00,54.24,0.00,0.00,0.00,0.00,0.00
"80128",ВРШАЦ,VRŠAC,741.12,57.56,1.42,0.00,0.00,0.00,49996.31,162.64,0.00,0.00,0.00,0.00,67.46,2.83,0.00,0.00,0.00,0.00
"70157",ЗЕМУН,ZEMUN,149.76,0.00,0.00,0.00,0.00,0.00,172460.59,0.00,0.00,0.00,0.00,0.00,1151.55,0.00,0.00,0.00,0.00,0.00
"70670",КРУШЕВАЦ,KRUŠEVAC,178.92,528.83,97.97,25.58,22.73,0.00,97245.69,27723.66,443.13,5.87,5.24,0.00,543.51,52.42,4.52,0.23,0.23,0.00
"70408",ВЛАДИМИРЦИ,VLADIMIRCI,321.88,16.07,0.00,0.00,0.00,0.00,15146.74,889.92,0.00,0.00,0.00,0.00,47.06,55.39,0.00,0.00,0.00,0.00
"80110",БЕЧЕЈ,BEČEJ,486.50,0.00,0.00,0.00,0.00,0.00,35237.26,0.00,0.00,0.00,0.00,0.00,72.43,0.00,0.00,0.00,0.00,0.00
"70165",ЛАЗАРЕВАЦ,LAZAREVAC,271.89,111.70,0.00,0.00,0.00,0.00,53734.39,3995.10,0.00,0.00,0.00,0.00,197.64,35.77,0.00,0.00,0.00,0.00
"80365",СЕНТА,SENTA,294.24,0.00,0.00,0.00,0.00,0.00,22003.30,0.00,0.00,0.00,0.00,0.00,74.78,0.00,0.00,0.00,0.00,0.00
"71188",ТУТИН,TUTIN,0.00,0.00,16.63,159.57,518.58,46.80,0.00,0.00,3812.68,19632.00,7471.10,213.92,0.00,0.00,229.29,123.03,14.41,4.57
"70416",ВЛАДИЧИН ХАН,VLADIČIN HAN,0.00,104.14,142.87,70.64,47.97,0.00,0.00,16880.72,1631.26,600.03,277.45,0.00,0.00,162.10,11.42,8.49,5.78,0.00
"90026",ВУЧИТРН,VUČITRN,0.00,0.00,280.63,42.45,23.71,0.00,0.00,0.00,73827.30,52.34,41.14,0.00,0.00,0.00,263.08,1.23,1.74,0.00
"90093",ЗУБИН ПОТОК,ZUBIN POTOK,0.00,0.00,79.11,136.26,103.28,15.41,0.00,0.00,6046.46,116.28,61.66,23.29,0.00,0.00,76.43,0.85,0.60,1.51
"90352",ЗВЕЧАН,ZVEČAN,0.00,4.35,70.91,29.65,11.54,0.00,0.00,1255.43,4871.97,52.41,11.82,0.00,0.00,288.39,68.71,1.77,1.02,0.00
"90336",ГОРА,GORA,0.00,0.00,0.34,12.39,81.72,215.35,0.00,0.00,0.00,2211.16,11976.76,1494.19,0.00,0.00,0.00,178.52,146.56,6.94
"90328",ШТРПЦЕ,ŠTRPCE,0.00,0.00,12.22,37.08,114.77,68.60,0.00,0.00,849.93,4821.03,817.28,21.28,0.00,0.00,69.53,130.03,7.12,0.31
"90115",КАЧАНИК,KAČANIK,0.00,16.69,165.02,75.37,36.64,11.14,0.00,21857.16,18134.00,1400.75,80.06,919.23,0.00,1309.92,109.89,18.58,2.18,82.54
"90255",ПРИЗРЕН,PRIZREN,0.00,251.03,101.34,80.77,212.96,113.94,0.00,182069.85,8097.88,6359.17,21384.79,764.90,0.00,725.29,79.91,78.73,100.42,6.71
"90018",ВИТИНА,VITINA,0.00,56.61,186.47,36.51,10.92,0.00,0.00,20219.39,31487.51,32.69,0.00,0.00,0.00,357.20,168.86,0.90,0.00,0.00
"90301",УРОШЕВАЦ,UROŠEVAC,0.00,0.00,261.12,34.65,48.68,5.76,0.00,0.00,115147.97,23.59,35.39,0.00,0.00,0.00,440.97,0.68,0.73,0.00
"90310",ШТИМЉЕ,ŠTIMLJE,0.00,0.00,100.78,25.64,10.09,0.00,0.00,0.00,31332.15,133.10,0.00,0.00,0.00,0.00,310.89,5.19,0.00,0.00
"90280",СУВА РЕКА,SUVA REKA,0.00,109.90,187.33,70.07,51.82,11.92,0.00,47867.66,29338.47,1200.39,297.31,20.03,0.00,435.55,156.61,17.13,5.74,1.68
"90212",ОРАХОВАЦ,ORAHOVAC,0.00,216.83,165.74,17.89,0.10,0.00,0.00,56289.93,30672.95,227.74,12.69,0.00,0.00,259.60,185.07,12.73,122.31,0.00
"90085",ЂАКОВИЦА,ĐAKOVICA,0.00,442.33,90.94,26.36,17.65,10.36,0.00,99930.00,1136.62,128.49,30.86,110.04,0.00,225.92,12.50,4.87,1.75,10.63
"90042",ГЊИЛАНЕ,GNJILANE,0.00,48.05,343.05,120.87,5.91,0.00,0.00,18837.39,82947.19,297.43,0.00,0.00,0.00,392.06,241.79,2.46,0.00,0.00
"90166",ЛИПЉАН,LIPLJAN,0.00,0.00,332.47,71.37,2.12,0.00,0.00,0.00,67706.23,642.32,26.62,0.00,0.00,0.00,203.65,9.00,12.55,0.00
"90182",НОВО БРДО,NOVO BRDO,0.00,0.00,17.22,58.42,5.14,0.00,0.00,0.00,323.45,459.37,80.47,0.00,0.00,0.00,18.78,7.86,15.66,0.00
"90069",ДЕЧАНИ,DEČANI,0.00,42.25,117.80,17.07,63.50,130.34,0.00,3234.99,41352.08,377.26,49.07,3651.89,0.00,76.56,351.04,22.10,0.77,28.02
"90131",КОСОВО ПОЉЕ,KOSOVO POLJE,0.00,1.12,97.69,0.65,0.01,0.00,0.00,926.44,53830.13,1.80,4.78,0.00,0.00,827.18,551.05,2.78,325.19,0.00
"90123",КЛИНА,KLINA,0.00,183.01,218.65,0.18,0.00,0.00,0.00,30520.45,25409.13,0.00,0.00,0.00,0.00,166.77,116.21,0.00,0.00,0.00
"90034",ГЛОГОВАЦ,GLOGOVAC,0.00,0.00,261.24,27.61,0.73,0.00,0.00,0.00,62880.24,512.34,79.42,0.00,0.00,0.00,240.70,18.55,108.68,0.00
"90140",КОСОВСКА КАМЕНИЦА,KOSOVSKA KAMENICA,0.00,61.52,288.47,144.91,25.76,0.00,0.00,26543.38,10728.99,242.09,15.22,0.00,0.00,431.48,37.19,1.67,0.59,0.00
"90204",ОБИЛИЋ,OBILIĆ,0.00,0.90,105.71,0.30,0.00,0.00,0.00,113.58,22777.98,0.00,0.00,0.00,0.00,126.11,215.48,0.00,0.00,0.00
"90263",ПРИШТИНА-ГРАД,PRIŠTINA-GRAD,0.00,0.00,295.49,228.99,40.19,0.00,0.00,0.00,215674.59,1097.94,250.23,0.00,0.00,0.00,729.88,4.79,6.23,0.00
"90239",ПЕЋ,PEĆ,0.00,189.21,93.10,24.42,116.92,181.57,0.00,40688.30,57003.36,129.43,596.24,3875.26,0.00,215.04,612.29,5.30,5.10,21.34
"90271",СРБИЦА,SRBICA,0.00,2.10,332.44,34.65,5.98,0.00,0.00,302.40,51732.98,416.70,0.00,0.00,0.00,143.82,155.62,12.02,0.00,0.00
"90298",КОСОВСКА МИТРОВИЦА,KOSOVSKA MITROVICA,0.00,0.72,132.58,74.78,125.50,12.47,0.00,1779.66,83760.57,1208.63,928.97,0.00,0.00,2475.60,631.80,16.16,7.40,0.00
"90247",ПОДУЈЕВО,PODUJEVO,0.00,0.00,376.17,152.53,91.23,2.98,0.00,0.00,88209.24,658.44,38.21,0.00,0.00,0.00,234.49,4.32,0.42,0.00
"90158",ЛЕПОСАВИЋ,LEPOSAVIĆ,0.00,32.91,217.67,139.22,133.14,15.76,0.00,9610.31,3040.71,330.58,162.89,32.86,0.00,292.04,13.97,2.37,1.22,2.08
"90107",ИСТОК,ISTOK,0.00,143.21,145.50,24.71,62.20,80.17,0.00,24460.39,15788.92,9.47,29.60,272.84,0.00,170.80,108.52,0.38,0.48,3.40
