MatBrO,ImeOpsCir,ImeOpsLat,P_0,P_1,P_2,P_3,P_4,P_5,P_6,P_7,P_8,P_9,P_10,P_11,P_12
"80373",СЕЧАЊ,SEČANJ,2.32,8.04,26.40,32.85,19.21,2.61,2.74,4.88,0.95,0.00,0.00,0.00,0.00
"70653",КРАЉЕВО,KRALJEVO,0.88,1.28,2.95,6.67,9.39,5.73,4.93,15.14,30.85,13.63,8.55,0.00,0.00
"70394",ВЕЛИКО ГРАДИШТЕ,VELIKO GRADIŠTE,1.26,5.77,18.06,44.31,7.47,4.84,1.26,0.69,10.51,5.83,0.00,0.00,0.00
"70904",ПАРАЋИН,PARAĆIN,0.41,2.85,10.20,32.03,15.29,3.37,2.77,4.79,14.46,12.31,1.52,0.00,0.00
"80349",ПЛАНДИШТЕ,PLANDIŠTE,2.29,10.13,20.90,33.69,16.50,3.39,1.96,7.66,3.48,0.00,0.00,0.00,0.00
"71161",ТРГОВИШТЕ,TRGOVIŠTE,6.70,1.37,1.37,23.69,8.50,11.33,18.37,28.67,0.00,0.00,0.00,0.00,0.00
"70149",ЗВЕЗДАРА,ZVEZDARA,0.02,0.00,0.00,0.25,0.43,0.29,0.23,3.81,23.43,33.45,37.63,0.46,0.00
"70661",КРУПАЊ,KRUPANJ,12.75,13.41,5.47,17.56,10.66,24.12,0.85,5.20,9.97,0.00,0.00,0.00,0.00
"70912",ПЕТРОВАЦ НА МЛАВИ,PETROVAC NA MLAVI,2.14,6.96,27.40,39.49,10.40,2.04,1.23,4.23,6.12,0.00,0.00,0.00,0.00
"80101",БЕОЧИН,BEOČIN,5.02,2.64,9.70,19.37,9.45,7.33,11.45,11.01,24.04,0.00,0.00,0.00,0.00
"71170",ТРСТЕНИК,TRSTENIK,8.38,24.26,28.76,18.69,3.38,0.72,0.80,1.65,5.70,7.66,0.00,0.00,0.00
"80357",РУМА,RUMA,1.74,2.92,9.86,21.30,15.75,13.15,6.33,5.65,21.02,2.29,0.00,0.00,0.00
"80098",БЕЛА ЦРКВА,BELA CRKVA,4.11,5.27,9.17,24.41,15.32,11.24,3.64,5.43,12.00,9.42,0.00,0.00,0.00
"70637",КОЦЕЉЕВА,KOCELJEVA,10.74,5.01,8.52,11.37,15.57,7.17,1.30,11.06,29.27,0.00,0.00,0.00,0.00
"70122",ГРОЦКА,GROCKA,2.01,0.88,4.25,13.11,15.35,10.86,9.65,18.34,22.85,2.70,0.00,0.00,0.00
"70378",ВАРВАРИН,VARVARIN,6.31,32.61,30.05,13.10,1.74,6.36,0.61,5.06,4.15,0.00,0.00,0.00,0.00
"71145",УЖИЦЕ,UŽICE,1.78,3.87,2.55,4.12,6.03,6.11,2.91,12.97,30.19,19.30,10.17,0.00,0.00
"80071",БАЧКА ТОПОЛА,BAČKA TOPOLA,1.69,8.40,23.26,28.09,7.31,5.54,6.18,8.24,8.49,2.80,0.00,0.00,0.00
"70645",КРАГУЈЕВАЦ,KRAGUJEVAC,0.60,4.05,4.45,5.26,3.92,4.93,4.99,12.82,23.65,22.01,13.32,0.00,0.00
"70386",ВЕЛИКА ПЛАНА,VELIKA PLANA,1.73,6.34,20.24,26.86,14.89,5.51,2.19,3.97,12.50,5.77,0.00,0.00,0.00
"71153",ТОПОЛА,TOPOLA,8.73,18.31,24.88,10.33,2.62,4.14,3.23,10.30,17.46,0.00,0.00,0.00,0.00
"80080",БАЧКИ ПЕТРОВАЦ,BAČKI PETROVAC,1.13,0.73,0.60,8.84,17.92,21.06,11.34,24.75,13.63,0.00,0.00,0.00,0.00
"70360",ВАЉЕВО,VALJEVO,4.50,2.01,0.85,2.87,4.36,2.92,2.48,7.81,28.04,20.87,20.34,2.95,0.00
"70106",ВОЖДОВАЦ,VOŽDOVAC,0.05,0.03,0.43,4.95,6.56,6.71,5.70,17.55,17.44,9.92,29.88,0.77,0.00
"70874",НОВИ ПАЗАР,NOVI PAZAR,0.89,1.29,1.13,2.41,3.25,1.73,3.48,3.72,30.79,33.84,17.46,0.00,0.00
"71129",СОКОБАЊА,SOKOBANJA,2.04,33.20,22.07,4.29,2.65,7.91,2.44,7.71,17.69,0.00,0.00,0.00,0.00
"80055",БАЧ,BAČ,4.41,7.06,8.69,21.77,21.90,11.33,7.43,11.79,5.63,0.00,0.00,0.00,0.00
"70629",КОСЈЕРИЋ,KOSJERIĆ,8.66,8.45,0.22,1.29,1.40,4.64,6.40,4.81,31.17,32.95,0.00,0.00,0.00
"80314",ПАНЧЕВО,PANČEVO,1.12,0.26,0.95,3.05,4.89,5.21,3.71,11.96,34.58,13.92,19.52,0.82,0.00
"70114",ВРАЧАР,VRAČAR,0.00,0.00,0.00,0.00,0.00,0.00,0.00,0.00,0.00,0.00,52.33,46.89,0.79
"70092",БАРАЈЕВО,BARAJEVO,2.59,0.04,1.32,16.87,33.22,16.11,11.52,14.12,4.22,0.00,0.00,0.00,0.00
"70882",ОСЕЧИНА,OSEČINA,12.14,4.62,11.78,6.65,12.63,0.85,2.86,22.26,26.21,0.00,0.00,0.00,0.00
"71137",СУРДУЛИЦА,SURDULICA,2.29,1.87,5.61,15.72,8.36,4.51,4.85,18.46,19.62,18.72,0.00,0.00,0.00
"80063",БАЧКА ПАЛАНКА,BAČKA PALANKA,2.06,0.99,3.71,12.53,15.33,14.25,14.73,14.64,16.21,5.55,0.00,0.00,0.00
"70343",БРУС,BRUS,12.45,15.08,5.32,10.18,11.31,3.24,3.72,9.20,20.08,9.42,0.00,0.00,0.00
"80322",ПЕЋИНЦИ,PEĆINCI,2.94,5.57,18.78,34.34,14.31,4.83,3.36,6.53,6.89,2.46,0.00,0.00,0.00
"70599",КНИЋ,KNIĆ,8.27,9.27,25.72,14.96,1.82,4.21,6.69,29.07,0.00,0.00,0.00,0.00,0.00
"70602",КЊАЖЕВАЦ,KNJAŽEVAC,2.34,7.25,13.90,15.55,3.40,3.34,3.06,16.01,20.74,14.43,0.00,0.00,0.00
"80039",АЛИБУНАР,ALIBUNAR,2.04,1.40,2.78,15.14,15.16,19.27,18.44,21.20,3.76,0.80,0.00,0.00,0.00
"70351",БУЈАНОВАЦ,BUJANOVAC,2.43,8.05,13.73,18.26,6.78,2.45,2.17,15.61,30.51,0.00,0.00,0.00,0.00
"70076",БАТОЧИНА,BATOČINA,3.69,1.16,13.72,39.64,5.39,7.73,7.58,6.16,14.93,0.00,0.00,0.00,0.00
"70866",НОВА ВАРОШ,NOVA VAROŠ,6.99,9.47,7.91,14.88,4.88,6.04,1.58,8.59,17.58,22.07,0.00,0.00,0.00
"80047",АПАТИН,APATIN,2.92,6.79,4.66,20.63,11.66,11.48,13.42,7.42,12.80,8.23,0.00,0.00,0.00
"71099",СМЕДЕРЕВО,SMEDEREVO,2.19,1.31,8.40,18.79,14.09,10.14,5.21,8.18,17.61,12.29,1.79,0.00,0.00
"70327",БОР,BOR,7.29,8.98,17.09,12.65,9.19,4.82,5.80,5.91,5.69,6.48,16.10,0.00,0.00
"71102",СМЕДЕРЕВСКА ПАЛАНКА,SMEDEREVSKA PALANKA,2.32,10.27,22.36,18.85,11.73,4.91,4.24,6.89,17.68,0.75,0.00,0.00,0.00
"80306",ОЏАЦИ,ODŽACI,1.69,2.62,5.83,19.66,26.29,21.19,7.66,9.08,5.97,0.00,0.00,0.00,0.00
"70840",НЕГОТИН,NEGOTIN,1.48,3.19,10.45,18.20,15.06,15.20,10.78,7.57,13.92,4.15,0.00,0.00,0.00
"71358",ВРАЊСКА БАЊА,VRANJSKA BANJA,1.20,1.97,3.20,11.09,5.78,13.15,23.66,27.44,12.50,0.00,0.00,0.00,0.00
"70084",БЕЛА ПАЛАНКА,BELA PALANKA,0.73,8.14,10.82,17.93,9.82,17.78,4.64,11.11,19.02,0.00,0.00,0.00,0.00
"80284",НОВИ САД,NOVI SAD,0.47,0.23,0.70,2.40,3.13,3.62,3.85,17.08,30.46,14.87,21.43,1.76,0.00
"70335",БОСИЛЕГРАД,BOSILEGRAD,16.90,3.53,12.34,27.19,40.04,0.00,0.00,0.00,0.00,0.00,0.00,0.00,0.00
"80292",ОПОВО,OPOVO,2.77,1.13,4.63,17.97,20.05,29.42,14.11,6.28,3.65,0.00,0.00,0.00,0.00
"70572",КЛАДОВО,KLADOVO,2.49,2.50,10.12,18.53,21.17,7.71,11.51,7.20,10.23,5.71,2.83,0.00,0.00
"71340",КОСТОЛАЦ,KOSTOLAC,1.77,0.87,4.87,17.23,17.60,10.78,6.74,4.66,18.06,17.42,0.00,0.00,0.00
"80012",АДА,ADA,1.74,3.46,7.00,13.17,9.32,14.39,11.35,19.58,19.98,0.00,0.00,0.00,0.00
"70068",БАЈИНА БАШТА,BAJINA BAŠTA,6.05,1.81,8.01,4.51,6.32,5.69,3.30,19.12,42.18,2.99,0.00,0.00,0.00
"70823",МЕРОШИНА,MEROŠINA,1.50,17.75,46.54,16.63,11.16,2.46,3.97,0.00,0.00,0.00,0.00,0.00,0.00
"80268",НОВИ БЕЧЕЈ,NOVI BEČEJ,7.12,2.03,2.27,15.04,10.69,15.54,10.98,18.87,17.45,0.00,0.00,0.00,0.00
"70319",БОЉЕВАЦ,BOLJEVAC,26.09,31.92,6.03,5.67,2.92,0.53,1.42,5.79,19.62,0.00,0.00,0.00,0.00
"80519",НОВИ САД,NOVI SAD,1.75,0.61,2.45,3.44,2.05,5.34,6.11,20.69,43.84,11.52,2.21,0.00,0.00
"80276",НОВИ КНЕЖЕВАЦ,NOVI KNEŽEVAC,1.52,5.92,22.07,24.43,22.12,4.78,4.18,9.68,5.30,0.00,0.00,0.00,0.00
"70831",МИОНИЦА,MIONICA,27.75,2.59,2.74,6.19,9.25,3.25,7.39,17.11,23.73,0.00,0.00,0.00,0.00
"70556",ЗАЈЕЧАР,ZAJEČAR,1.76,10.15,16.40,15.22,5.43,2.86,5.20,6.53,22.54,7.29,6.63,0.00,0.00
"71323",ПАЛИЛУЛА (НИШ),PALILULA (NIŠ),0.40,0.00,2.16,8.27,7.54,4.11,2.07,11.84,33.24,24.50,5.88,0.00,0.00
"70041",АРИЉЕ,ARILJE,3.46,0.74,4.57,8.80,8.95,4.57,3.46,4.77,22.00,34.41,4.26,0.00,0.00
"70297",БОЈНИК,BOJNIK,19.78,41.40,11.09,9.54,9.32,8.86,0.00,0.00,0.00,0.00,0.00,0.00,0.00
"70807",МАЛО ЦРНИЋЕ,MALO CRNIĆE,1.75,6.55,18.95,31.36,15.14,11.15,3.94,11.16,0.00,0.00,0.00,0.00,0.00
"71064",СВРЉИГ,SVRLJIG,1.13,18.10,25.97,7.40,9.39,5.43,7.05,12.78,12.75,0.00,0.00,0.00,0.00
"70564",ИВАЊИЦА,IVANJICA,1.35,4.18,4.68,5.23,8.18,6.49,6.00,14.68,45.10,4.12,0.00,0.00,0.00
"70050",БАБУШНИЦА,BABUŠNICA,9.97,8.24,0.90,5.67,16.54,34.05,8.37,16.26,0.00,0.00,0.00,0.00,0.00
"71331",МЕДИЈАНА,MEDIJANA,0.00,0.00,0.00,0.21,0.00,1.46,1.88,0.00,7.27,2.33,84.29,2.56,0.00
"80250",НОВА ЦРЊА,NOVA CRNJA,1.51,5.09,25.43,32.70,16.55,7.23,7.26,4.25,0.00,0.00,0.00,0.00,0.00
"70815",МЕДВЕЂА,MEDVEĐA,4.66,16.00,6.53,23.17,1.43,9.68,12.84,8.97,16.71,0.00,0.00,0.00,0.00
"71072",СЈЕНИЦА,SJENICA,10.77,6.34,0.83,3.28,1.26,2.96,1.15,6.25,14.59,35.43,17.16,0.00,0.00
"71307",ПАНТЕЛЕЈ,PANTELEJ,0.10,1.76,5.55,5.03,6.89,2.05,5.27,9.38,17.77,39.83,6.36,0.00,0.00
"70025",АЛЕКСИНАЦ,ALEKSINAC,1.27,8.69,23.27,23.84,8.39,3.16,5.31,13.38,10.36,2.35,0.00,0.00,0.00
"71048",ЈАГОДИНА,JAGODINA,0.78,2.60,19.53,26.83,10.68,6.55,3.74,3.92,9.79,10.83,4.76,0.00,0.00
"70548",ЖИТОРАЂА,ŽITORAĐA,0.99,22.14,40.93,25.44,2.71,4.77,3.02,0.00,0.00,0.00,0.00,0.00,0.00
"70793",МАЛИ ЗВОРНИК,MALI ZVORNIK,6.64,8.46,6.70,2.04,3.02,11.41,8.26,33.45,20.02,0.00,0.00,0.00,0.00
"71315",ЦРВЕНИ КРСТ,CRVENI KRST,0.22,1.20,8.32,16.32,8.72,7.05,4.34,7.24,13.19,17.36,15.93,0.11,0.00
"70033",АРАНЂЕЛОВАЦ,ARANĐELOVAC,6.40,4.18,6.86,9.82,7.29,9.46,3.79,9.23,25.51,17.46,0.00,0.00,0.00
"80233",КУЛА,KULA,0.84,1.61,2.92,7.59,7.94,12.59,14.39,22.05,27.79,2.27,0.00,0.00,0.00
"71056",СВИЛАЈНАЦ,SVILAJNAC,1.07,2.48,13.64,32.78,20.60,4.38,3.60,7.56,7.45,6.43,0.00,0.00,0.00
"70289",БОГАТИЋ,BOGATIĆ,2.93,2.46,12.00,39.17,17.84,9.47,6.87,5.73,3.13,0.41,0.00,0.00,0.00
"80489",ЧОКА,ČOKA,6.73,3.59,7.64,25.86,17.01,19.09,10.17,6.18,3.73,0.00,0.00,0.00,0.00
"80241",МАЛИ ИЂОШ,MALI IĐOŠ,0.65,1.86,2.99,9.68,18.76,22.67,8.99,34.41,0.00,0.00,0.00,0.00,0.00
"71293",СУРЧИН,SURČIN,0.46,0.06,0.95,7.49,5.46,15.46,12.96,28.46,24.12,1.49,1.47,1.62,0.00
"80497",ШИД,ŠID,5.16,3.83,13.15,23.96,13.11,8.27,8.37,7.10,16.75,0.30,0.00,0.00,0.00
"70521",ЖАБАРИ,ŽABARI,4.32,13.61,37.78,25.05,7.28,7.47,4.49,0.00,0.00,0.00,0.00,0.00,0.00
"70777",ЉУБОВИЈА,LJUBOVIJA,24.96,13.43,9.30,13.83,7.37,6.67,0.89,2.96,12.96,7.64,0.00,0.00,0.00
"70017",АЛЕКСАНДРОВАЦ,ALEKSANDROVAC,4.49,9.33,28.59,15.54,7.96,6.16,4.54,12.50,10.90,0.00,0.00,0.00,0.00
"80217",КОВАЧИЦА,KOVAČICA,2.01,2.30,6.60,18.56,22.39,20.93,15.21,9.14,2.86,0.00,0.00,0.00,0.00
"70530",ЖАГУБИЦА,ŽAGUBICA,20.58,57.80,9.93,8.38,3.31,0.00,0.00,0.00,0.00,0.00,0.00,0.00,0.00
"70785",МАЈДАНПЕК,MAJDANPEK,31.15,27.74,18.69,10.49,2.18,0.96,1.18,2.18,5.44,0.00,0.00,0.00,0.00
"70254",ЧУКАРИЦА,ČUKARICA,0.03,0.01,0.05,0.69,3.71,7.17,9.08,16.71,26.06,19.24,16.79,0.46,0.00
"71021",РАШКА,RAŠKA,12.36,4.32,7.45,8.10,3.52,3.19,9.62,15.83,14.54,18.81,2.27,0.00,0.00
"80225",КОВИН,KOVIN,3.80,1.28,2.83,5.36,6.28,7.16,11.80,21.50,28.28,11.04,0.68,0.00,0.00
"71277",ЛАПОВО,LAPOVO,0.53,0.91,2.29,4.82,15.45,19.53,6.84,20.42,22.94,6.28,0.00,0.00,0.00
"70505",ДИМИТРОВГРАД,DIMITROVGRAD,7.27,1.33,0.71,0.95,5.31,5.47,2.31,15.31,28.24,30.56,2.53,0.00,0.00
"70262",БЛАЦЕ,BLACE,32.94,6.03,0.48,2.69,4.05,4.34,2.13,22.38,24.96,0.00,0.00,0.00,0.00
"80462",ВРБАС,VRBAS,0.81,0.87,3.45,14.64,17.23,12.53,15.64,16.94,15.75,2.14,0.00,0.00,0.00
"71030",РЕКОВАЦ,REKOVAC,1.54,16.73,39.83,27.21,7.08,5.58,2.04,0.00,0.00,0.00,0.00,0.00,0.00
"71285",НИШКА БАЊА,NIŠKA BANJA,0.73,4.07,2.62,18.60,12.51,4.87,6.69,2.04,46.39,1.50,0.00,0.00,0.00
"70513",ДОЉЕВАЦ,DOLJEVAC,0.10,2.06,22.68,27.11,12.58,10.45,7.79,15.72,1.52,0.00,0.00,0.00,0.00
"70769",ЉИГ,LJIG,18.38,8.96,21.67,10.14,4.40,4.19,3.03,11.33,17.90,0.00,0.00,0.00,0.00
"70238",СОПОТ,SOPOT,4.52,3.00,30.45,34.79,10.54,3.61,3.40,4.28,4.00,1.40,0.00,0.00,0.00
"70491",ДЕСПОТОВАЦ,DESPOTOVAC,1.23,3.57,25.74,34.82,15.97,5.30,1.71,5.90,5.76,0.00,0.00,0.00,0.00
"80209",КИКИНДА,KIKINDA,1.90,1.54,6.19,18.40,12.61,9.98,9.53,12.41,20.85,6.20,0.40,0.00,0.00
"71005",РАЖАЊ,RAŽANJ,30.23,45.66,4.02,1.32,1.53,1.73,0.02,15.49,0.00,0.00,0.00,0.00,0.00
"80187",ИРИГ,IRIG,5.21,5.99,13.10,22.08,22.20,9.46,5.13,8.58,8.24,0.00,0.00,0.00,0.00
"80446",ТЕМЕРИН,TEMERIN,1.18,1.26,2.65,8.38,18.40,26.85,13.75,15.71,11.81,0.00,0.00,0.00,0.00
"70246",СТАРИ ГРАД,STARI GRAD,0.00,0.00,0.00,0.00,0.00,0.00,0.00,0.00,2.79,10.09,41.38,44.17,1.56
"71013",РАЧА,RAČA,12.25,24.10,18.38,2.89,2.05,0.47,6.81,8.21,24.85,0.00,0.00,0.00,0.00
"71269",ШАБАЦ,ŠABAC,2.82,6.10,18.41,18.02,9.28,5.50,3.19,9.22,16.74,5.74,4.97,0.00,0.00
"80195",КАЊИЖА,KANJIŽA,0.61,3.48,12.35,21.51,13.62,10.72,7.17,9.58,17.17,3.43,0.37,0.00,0.00
"70220",САВСКИ ВЕНАЦ,SAVSKI VENAC,0.00,0.00,0.00,0.00,0.00,0.00,0.00,0.00,6.20,31.25,46.08,15.94,0.53
"70475",ГОЛУБАЦ,GOLUBAC,10.41,28.34,32.56,13.77,4.26,0.09,1.57,3.30,5.70,0.00,0.00,0.00,0.00
"80454",ТИТЕЛ,TITEL,1.41,1.68,6.65,25.77,24.40,12.78,15.58,9.17,2.57,0.00,0.00,0.00,0.00
"70734",ЛОЗНИЦА,LOZNICA,4.72,7.84,15.93,17.48,12.28,6.35,5.74,8.78,14.88,4.09,1.92,0.00,0.00
"70483",ГОРЊИ МИЛАНОВАЦ,GORNJI MILANOVAC,10.47,9.15,4.25,5.28,5.09,6.35,1.72,5.84,23.53,15.82,12.51,0.00,0.00
"71242",ЧАЧАК,ČAČAK,3.61,1.03,2.65,4.79,3.25,6.39,2.63,7.69,33.75,25.28,8.94,0.00,0.00
"70742",ЛУЧАНИ,LUČANI,8.53,5.88,1.61,16.79,10.91,5.97,7.36,7.56,27.75,7.66,0.00,0.00,0.00
"70998",ПРОКУПЉЕ,PROKUPLJE,14.32,20.82,8.98,2.83,1.55,1.31,2.71,3.65,18.39,23.33,2.12,0.00,0.00
"80179",ИНЂИЈА,INĐIJA,13.13,8.58,10.78,18.25,11.35,8.20,5.48,7.30,11.36,4.21,1.36,0.00,0.00
"70203",ПАЛИЛУЛА (БЕОГРАД),PALILULA (БЕОГРАД),1.50,0.11,1.24,3.49,5.75,5.72,6.51,12.61,24.35,26.85,10.60,1.28,0.00
"70459",ВРЊАЧКА БАЊА,VRNJAČKA BANJA,0.59,1.22,4.21,18.03,12.19,9.42,5.32,12.62,26.14,10.27,0.00,0.00,0.00
"80438",СУБОТИЦА,SUBOTICA,0.34,0.76,2.70,7.03,10.87,12.10,11.79,16.37,22.88,11.61,3.53,0.00,0.00
"70718",ЛЕБАНЕ,LEBANE,0.59,3.08,21.66,37.01,6.98,6.62,2.40,6.60,15.05,0.00,0.00,0.00,0.00
"70971",ПРИБОЈ,PRIBOJ,3.73,6.15,13.22,15.00,16.36,10.45,3.43,14.78,16.86,0.00,0.00,0.00,0.00
"80411",СРЕМСКИ КАРЛОВЦИ,SREMSKI KARLOVCI,2.32,0.68,11.53,19.07,12.68,3.62,2.79,11.74,31.82,3.74,0.00,0.00,0.00
"70211",РАКОВИЦА,RAKOVICA,0.01,0.00,0.02,0.04,0.22,0.49,0.49,10.44,40.11,30.26,17.93,0.00,0.00
"70467",ГАЏИН ХАН,GADŽIN HAN,5.70,44.25,32.21,6.73,11.11,0.00,0.00,0.00,0.00,0.00,0.00,0.00,0.00
"71226",ЦРНА ТРАВА,CRNA TRAVA,29.27,36.59,0.00,34.15,0.00,0.00,0.00,0.00,0.00,0.00,0.00,0.00,0.00
"80152",ЗРЕЊАНИН,ZRENJANIN,1.46,1.31,5.08,13.68,16.53,15.60,9.72,14.93,16.55,3.56,1.59,0.00,0.00
"70980",ПРИЈЕПОЉЕ,PRIJEPOLJE,5.61,2.87,5.04,14.90,7.78,15.24,6.81,19.82,16.62,5.29,0.00,0.00,0.00
"70726",ЛЕСКОВАЦ,LESKOVAC,1.84,3.72,16.61,22.48,9.54,4.47,4.44,5.05,11.17,12.68,7.99,0.00,0.00
"80420",СТАРА ПАЗОВА,STARA PAZOVA,0.81,0.45,4.26,13.60,6.85,5.60,6.69,23.09,34.10,4.56,0.00,0.00,0.00
"70190",ОБРЕНОВАЦ,OBRENOVAC,3.34,0.63,13.19,20.66,16.14,12.24,3.74,6.64,12.47,7.99,2.95,0.00,0.00
"70700",ЛАЈКОВАЦ,LAJKOVAC,4.32,1.57,19.19,18.87,8.13,6.20,3.35,11.45,14.53,5.54,6.85,0.00,0.00
"71234",ЧАЈЕТИНА,ČAJETINA,10.91,6.03,2.88,3.73,3.00,4.76,5.16,12.50,36.74,14.28,0.00,0.00,0.00
"70955",ПОЖЕГА,POŽEGA,6.10,7.48,4.53,5.88,1.31,3.64,2.44,14.98,25.57,18.22,9.84,0.00,0.00
"70696",КУЧЕВО,KUČEVO,12.89,21.27,25.81,16.13,4.81,4.10,1.89,5.51,7.60,0.00,0.00,0.00,0.00
"80136",ЖАБАЉ,ŽABALJ,1.73,0.42,2.02,12.75,16.25,23.51,16.85,23.67,2.80,0.00,0.00,0.00,0.00
"70963",ПРЕШЕВО,PREŠEVO,1.04,12.73,15.59,24.49,15.32,12.24,3.11,14.12,1.19,0.18,0.00,0.00,0.00
"80403",СРЕМСКА МИТРОВИЦА,SREMSKA MITROVICA,7.05,5.42,14.99,21.97,11.12,6.12,3.14,9.69,14.81,4.44,1.26,0.00,0.00
"71218",УБ,UB,11.66,5.44,22.31,14.19,10.01,5.62,1.41,6.65,7.64,8.59,6.48,0.00,0.00
"70173",МЛАДЕНОВАЦ,MLADENOVAC,1.71,4.11,17.14,30.09,12.12,6.70,4.36,8.16,7.85,4.09,3.67,0.00,0.00
"80144",ЖИТИШТЕ,ŽITIŠTE,3.45,4.97,7.97,29.10,19.40,19.00,7.39,6.79,1.93,0.00,0.00,0.00,0.00
"70939",ПИРОТ,PIROT,0.52,3.10,6.69,6.22,6.29,3.14,1.44,6.25,17.70,28.75,19.91,0.00,0.00
"71196",ЋИЋЕВАЦ,ĆIĆEVAC,3.64,19.62,15.40,19.95,10.09,15.65,9.20,1.73,4.71,0.00,0.00,0.00,0.00
"70424",ВЛАСОТИНЦЕ,VLASOTINCE,0.18,2.87,13.64,20.18,14.45,1.38,5.05,16.50,25.75,0.00,0.00,0.00,0.00
"80381",СОМБОР,SOMBOR,1.47,4.21,14.63,26.85,18.57,7.25,5.83,4.78,11.92,4.48,0.00,0.00,0.00
"70181",НОВИ БЕОГРАД,NOVI BEOGRAD,0.00,0.00,0.00,0.06,0.07,0.06,0.12,0.07,4.94,10.42,47.14,37.12,0.00
"70947",ПОЖАРЕВАЦ,POŽAREVAC,1.84,0.54,6.55,23.37,14.43,9.10,6.21,10.03,13.37,10.79,3.78,0.00,0.00
"70432",ВРАЊЕ,VRANJE,0.30,0.49,3.47,5.15,7.40,3.25,1.79,4.39,24.40,24.20,25.17,0.00,0.00
"70688",КУРШУМЛИЈА,KURŠUMLIJA,6.28,12.89,2.86,5.39,9.82,11.84,10.65,12.67,27.60,0.00,0.00,0.00,0.00
"71200",ЋУПРИЈА,ĆUPRIJA,0.69,0.93,7.56,28.62,16.76,1.95,0.49,7.10,21.37,14.52,0.00,0.00,0.00
"80390",СРБОБРАН,SRBOBRAN,0.61,1.97,1.14,4.34,4.82,9.32,10.32,32.32,31.14,4.02,0.00,0.00,0.00
"80128",ВРШАЦ,VRŠAC,2.59,4.31,12.89,19.81,16.16,7.40,3.96,3.00,17.00,7.80,5.06,0.00,0.00
"70157",ЗЕМУН,ZEMUN,0.13,0.00,0.14,1.77,1.94,2.12,2.05,8.56,29.40,37.24,16.16,0.49,0.00
"70670",КРУШЕВАЦ,KRUŠEVAC,0.57,2.95,16.05,22.97,5.78,3.71,3.68,6.43,17.18,10.27,10.43,0.00,0.00
"70408",ВЛАДИМИРЦИ,VLADIMIRCI,24.62,36.59,16.01,12.38,2.43,2.98,1.68,3.32,0.00,0.00,0.00,0.00,0.00
"80110",БЕЧЕЈ,BEČEJ,3.68,3.42,8.19,15.44,10.21,9.64,18.67,22.37,8.39,0.00,0.00,0.00,0.00
"70165",ЛАЗАРЕВАЦ,LAZAREVAC,2.30,0.31,10.22,16.80,13.21,7.85,7.60,15.84,16.21,7.29,2.36,0.00,0.00
"80365",СЕНТА,SENTA,2.30,12.17,15.13,11.08,4.88,8.82,12.35,25.58,7.68,0.00,0.00,0.00,0.00
"71188",ТУТИН,TUTIN,0.44,13.50,5.45,4.97,5.58,10.78,0.70,9.15,29.75,19.69,0.00,0.00,0.00
"70416",ВЛАДИЧИН ХАН,VLADIČIN HAN,7.90,3.94,14.48,14.58,12.14,7.07,2.46,5.58,9.65,22.20,0.00,0.00,0.00
"90026",ВУЧИТРН,VUČITRN,0.84,7.31,15.64,22.67,10.28,8.88,15.51,14.57,0.79,3.51,0.00,0.00,0.00
"90093",ЗУБИН ПОТОК,ZUBIN POTOK,13.27,4.25,5.21,14.00,3.15,13.20,4.11,23.17,19.65,0.00,0.00,0.00,0.00
"90352",ЗВЕЧАН,ZVEČAN,2.00,2.27,1.30,26.20,4.39,8.39,1.03,13.48,40.93,0.00,0.00,0.00,0.00
"90336",ГОРА,GORA,3.31,25.44,54.65,3.19,13.41,0.00,0.00,0.00,0.00,0.00,0.00,0.00,0.00
"90328",ШТРПЦЕ,ŠTRPCE,1.19,8.36,12.91,33.85,10.81,16.38,7.62,8.87,0.00,0.00,0.00,0.00,0.00
"90115",КАЧАНИК,KAČANIK,8.85,19.88,13.62,14.08,12.54,10.37,0.98,5.18,14.50,0.00,0.00,0.00,0.00
"90255",ПРИЗРЕН,PRIZREN,0.79,5.30,19.67,15.21,5.97,3.75,3.59,8.64,18.70,18.38,0.00,0.00,0.00
"90018",ВИТИНА,VITINA,1.45,10.59,46.43,17.42,7.09,1.43,7.19,4.13,1.61,2.66,0.00,0.00,0.00
"90301",УРОШЕВАЦ,UROŠEVAC,0.44,5.40,15.03,13.63,7.80,6.48,4.88,16.76,22.27,7.31,0.00,0.00,0.00
"90310",ШТИМЉЕ,ŠTIMLJE,2.97,21.12,47.89,9.88,9.54,5.55,3.05,0.00,0.00,0.00,0.00,0.00,0.00
"90280",СУВА РЕКА,SUVA REKA,1.01,16.41,33.33,21.36,6.03,5.96,0.89,11.19,3.83,0.00,0.00,0.00,0.00
"90212",ОРАХОВАЦ,ORAHOVAC,1.31,13.39,28.46,17.43,10.09,7.86,5.87,10.67,4.26,0.66,0.00,0.00,0.00
"90085",ЂАКОВИЦА,ĐAKOVICA,1.62,6.74,9.27,9.13,11.34,4.74,4.39,9.66,29.78,13.33,0.00,0.00,0.00
"90042",ГЊИЛАНЕ,GNJILANE,1.31,9.00,16.40,20.59,8.00,5.76,2.97,9.22,20.98,5.76,0.00,0.00,0.00
"90166",ЛИПЉАН,LIPLJAN,0.91,10.27,32.70,31.79,6.54,3.40,3.42,5.81,3.55,0.79,0.82,0.00,0.00
"90182",НОВО БРДО,NOVO BRDO,29.39,65.31,5.31,0.00,0.00,0.00,0.00,0.00,0.00,0.00,0.00,0.00,0.00
"90069",ДЕЧАНИ,DEČANI,17.00,11.62,44.85,12.99,2.74,1.33,5.23,0.93,3.32,0.00,0.00,0.00,0.00
"90131",КОСОВО ПОЉЕ,KOSOVO POLJE,0.97,0.05,4.99,19.90,15.13,9.03,5.04,15.13,21.62,8.14,0.00,0.00,0.00
"90123",КЛИНА,KLINA,8.42,28.50,37.36,7.02,8.27,7.02,3.41,0.00,0.00,0.00,0.00,0.00,0.00
"90034",ГЛОГОВАЦ,GLOGOVAC,1.85,10.55,27.54,8.09,17.24,7.56,3.35,8.86,14.96,0.00,0.00,0.00,0.00
"90140",КОСОВСКА КАМЕНИЦА,KOSOVSKA KAMENICA,6.07,32.96,32.70,17.10,1.46,7.44,2.27,0.00,0.00,0.00,0.00,0.00,0.00
"90204",ОБИЛИЋ,OBILIĆ,0.51,0.96,11.77,33.32,17.69,10.24,13.16,12.35,0.00,0.00,0.00,0.00,0.00
"90263",ПРИШТИНА-ГРАД,PRIŠTINA-GRAD,0.53,0.66,2.70,8.27,6.40,9.69,7.50,13.95,24.37,15.78,10.15,0.00,0.00
"90239",ПЕЋ,PEĆ,4.83,6.63,10.60,9.39,4.96,3.71,5.13,8.91,26.50,19.34,0.00,0.00,0.00
"90271",СРБИЦА,SRBICA,6.66,24.50,18.41,4.79,3.80,4.39,2.67,13.13,21.65,0.00,0.00,0.00,0.00
"90298",КОСОВСКА МИТРОВИЦА,KOSOVSKA MITROVICA,2.77,5.49,5.75,6.31,10.41,5.75,7.09,11.40,28.29,16.74,0.00,0.00,0.00
"90247",ПОДУЈЕВО,PODUJEVO,2.51,9.26,21.75,15.61,16.18,6.13,10.46,5.58,12.53,0.00,0.00,0.00,0.00
"90158",ЛЕПОСАВИЋ,LEPOSAVIĆ,17.96,3.70,3.08,6.52,1.12,3.84,1.03,13.23,49.52,0.00,0.00,0.00,0.00
"90107",ИСТОК,ISTOK,13.54,21.53,10.09,34.02,3.61,7.23,0.00,9.97,0.00,0.00,0.00,0.00,0.00
