MatBrO,ImeOpsCir,ImeOpsLat,LEN_Moto,LEN_Trunk,LEN_Prim,LEN_Sec,LEN_Tert,Area,LEN_All,DENS_Moto,DENS_Trunk,DENS_Prim,DENS_Sec,DENS_Tert,DENS_All
"80373",СЕЧАЊ,SEČANJ,0.0000,0.0000,24.0732,35.0691,32.5772,524.0528,91.7195,0.00,0.00,0.05,0.07,0.06,0.18
"70653",КРАЉЕВО,KRALJEVO,0.0000,0.0000,139.5144,77.7804,89.8390,1530.0839,307.1338,0.00,0.00,0.09,0.05,0.06,0.20
"70394",ВЕЛИКО ГРАДИШТЕ,VELIKO GRADIŠTE,0.0000,0.0000,33.2726,14.4966,35.2237,342.3215,82.9929,0.00,0.00,0.10,0.04,0.10,0.24
"70904",ПАРАЋИН,PARAĆIN,39.9062,0.0000,22.0311,29.9089,65.0331,540.6634,156.8793,0.07,0.00,0.04,0.06,0.12,0.29
"80349",ПЛАНДИШТЕ,PLANDIŠTE,0.0000,0.0000,32.4653,10.8717,0.0000,383.3228,43.3370,0.00,0.00,0.08,0.03,0.00,0.11
"71161",ТРГОВИШТЕ,TRGOVIŠTE,0.0000,0.0000,0.0000,55.7708,2.8118,370.9822,58.5826,0.00,0.00,0.00,0.15,0.01,0.16
"70149",ЗВЕЗДАРА,ZVEZDARA,12.1107,0.0000,0.0000,29.5610,33.9894,31.1426,75.6611,0.39,0.00,0.00,0.95,1.09,2.43
"70661",КРУПАЊ,KRUPANJ,0.0000,0.0000,6.5669,52.2513,29.3514,341.9397,88.1696,0.00,0.00,0.02,0.15,0.09,0.26
"70912",ПЕТРОВАЦ НА МЛАВИ,PETROVAC NA MLAVI,0.0000,0.0000,0.0000,100.6455,44.4873,654.9381,145.1328,0.00,0.00,0.00,0.15,0.07,0.22
"80101",БЕОЧИН,BEOČIN,0.0000,0.0000,0.0000,33.3573,27.7388,184.1601,61.0961,0.00,0.00,0.00,0.18,0.15,0.33
"71170",ТРСТЕНИК,TRSTENIK,0.0000,0.0000,19.3240,69.3282,3.3293,447.7734,91.9815,0.00,0.00,0.04,0.15,0.01,0.21
"80357",РУМА,RUMA,39.6785,0.0000,33.0117,40.0245,53.8365,582.7154,166.5512,0.07,0.00,0.06,0.07,0.09,0.29
"80098",БЕЛА ЦРКВА,BELA CRKVA,0.0000,0.0000,27.0121,13.8650,9.2351,354.4810,50.1122,0.00,0.00,0.08,0.04,0.03,0.14
"70637",КОЦЕЉЕВА,KOCELJEVA,0.0000,0.0000,18.5442,43.4187,15.3674,257.2548,77.3303,0.00,0.00,0.07,0.17,0.06,0.30
"70122",ГРОЦКА,GROCKA,52.1905,0.0000,0.0000,32.5567,62.2027,299.1753,146.9499,0.17,0.00,0.00,0.11,0.21,0.49
"70378",ВАРВАРИН,VARVARIN,0.0000,0.0000,0.0000,55.9895,11.2648,249.4027,67.2543,0.00,0.00,0.00,0.22,0.05,0.27
"71145",УЖИЦЕ,UŽICE,0.0000,0.0000,63.2598,68.7994,40.8953,666.8927,172.9545,0.00,0.00,0.09,0.10,0.06,0.26
"80071",БАЧКА ТОПОЛА,BAČKA TOPOLA,24.9167,0.0000,0.0000,97.4488,0.0000,595.6330,122.3655,0.04,0.00,0.00,0.16,0.00,0.21
"70645",КРАГУЈЕВАЦ,KRAGUJEVAC,0.0000,17.5850,55.9134,45.8154,87.8151,834.9068,207.1289,0.00,0.02,0.07,0.05,0.11,0.25
"70386",ВЕЛИКА ПЛАНА,VELIKA PLANA,66.2869,0.0000,10.0638,47.4106,26.5190,346.1374,150.2803,0.19,0.00,0.03,0.14,0.08,0.43
"71153",ТОПОЛА,TOPOLA,0.0000,0.0000,39.9922,21.9346,22.4837,356.5605,84.4105,0.00,0.00,0.11,0.06,0.06,0.24
"80080",БАЧКИ ПЕТРОВАЦ,BAČKI PETROVAC,0.0000,0.0000,3.8933,14.5598,18.5211,158.6960,36.9742,0.00,0.00,0.02,0.09,0.12,0.23
"70360",ВАЉЕВО,VALJEVO,0.0000,0.0000,92.4071,97.4614,89.6815,905.4021,279.5500,0.00,0.00,0.10,0.11,0.10,0.31
"70106",ВОЖДОВАЦ,VOŽDOVAC,21.2882,0.0000,0.0000,68.8791,76.2784,148.5254,166.4457,0.14,0.00,0.00,0.46,0.51,1.12
"70874",НОВИ ПАЗАР,NOVI PAZAR,0.0000,0.0000,64.9736,80.1257,27.2028,743.1515,172.3021,0.00,0.00,0.09,0.11,0.04,0.23
"71129",СОКОБАЊА,SOKOBANJA,0.0000,0.0000,0.0000,63.0684,9.9070,525.4702,72.9754,0.00,0.00,0.00,0.12,0.02,0.14
"80055",БАЧ,BAČ,0.0000,0.0000,8.9039,23.2200,26.5062,367.3714,58.6301,0.00,0.00,0.02,0.06,0.07,0.16
"70629",КОСЈЕРИЋ,KOSJERIĆ,0.0000,0.0000,32.5177,33.0795,87.4591,358.5435,153.0563,0.00,0.00,0.09,0.09,0.24,0.43
"80314",ПАНЧЕВО,PANČEVO,0.0000,7.7761,39.2256,37.2678,41.9021,755.3851,126.1716,0.00,0.01,0.05,0.05,0.06,0.17
"70114",ВРАЧАР,VRAČAR,0.0000,0.0000,0.0069,15.7905,4.4795,2.8921,20.2769,0.00,0.00,0.00,5.46,1.55,7.01
"70092",БАРАЈЕВО,BARAJEVO,0.0000,0.0000,13.7251,20.4318,24.8115,213.1362,58.9684,0.00,0.00,0.06,0.10,0.12,0.28
"70882",ОСЕЧИНА,OSEČINA,0.0000,0.0000,19.5325,44.4730,23.7651,318.8005,87.7706,0.00,0.00,0.06,0.14,0.07,0.28
"71137",СУРДУЛИЦА,SURDULICA,0.0000,0.0000,46.4510,29.6958,32.9534,628.4151,109.1002,0.00,0.00,0.07,0.05,0.05,0.17
"80063",БАЧКА ПАЛАНКА,BAČKA PALANKA,0.0000,0.0000,39.6335,70.7676,21.2110,590.4854,131.6121,0.00,0.00,0.07,0.12,0.04,0.22
"70343",БРУС,BRUS,0.0000,0.0000,9.8056,100.3002,0.5026,605.7593,110.6084,0.00,0.00,0.02,0.17,0.00,0.18
"80322",ПЕЋИНЦИ,PEĆINCI,36.8393,0.0000,0.0000,31.5142,49.2609,488.5091,117.6144,0.08,0.00,0.00,0.06,0.10,0.24
"70599",КНИЋ,KNIĆ,0.0000,0.0000,32.4087,6.6728,22.9193,412.8364,62.0008,0.00,0.00,0.08,0.02,0.06,0.15
"70602",КЊАЖЕВАЦ,KNJAŽEVAC,0.0000,0.0000,30.0299,113.7475,130.8888,1202.2728,274.6662,0.00,0.00,0.02,0.09,0.11,0.23
"80039",АЛИБУНАР,ALIBUNAR,0.0000,0.0000,24.4596,17.6507,36.2836,597.8902,78.3939,0.00,0.00,0.04,0.03,0.06,0.13
"70351",БУЈАНОВАЦ,BUJANOVAC,42.6299,0.0000,15.0575,50.1898,44.2606,460.8486,152.1378,0.09,0.00,0.03,0.11,0.10,0.33
"70076",БАТОЧИНА,BATOČINA,9.4770,25.2573,0.0000,5.2840,13.5383,135.6267,53.5566,0.07,0.19,0.00,0.04,0.10,0.39
"70866",НОВА ВАРОШ,NOVA VAROŠ,0.0000,0.0000,53.9095,46.5290,13.0983,582.1480,113.5368,0.00,0.00,0.09,0.08,0.02,0.20
"80047",АПАТИН,APATIN,0.0000,0.0000,0.0000,29.6372,9.3715,380.0905,39.0087,0.00,0.00,0.00,0.08,0.02,0.10
"71099",СМЕДЕРЕВО,SMEDEREVO,61.7400,10.1120,17.9457,85.8178,38.0477,481.3820,213.6632,0.13,0.02,0.04,0.18,0.08,0.44
"70327",БОР,BOR,0.0000,0.0000,38.1203,62.5552,114.4551,856.5844,215.1306,0.00,0.00,0.04,0.07,0.13,0.25
"71102",СМЕДЕРЕВСКА ПАЛАНКА,SMEDEREVSKA PALANKA,0.0000,0.0000,0.0000,49.3295,35.5420,421.5892,84.8715,0.00,0.00,0.00,0.12,0.08,0.20
"80306",ОЏАЦИ,ODŽACI,0.0000,0.0000,32.4648,32.8841,36.3295,411.0240,101.6784,0.00,0.00,0.08,0.08,0.09,0.25
"70840",НЕГОТИН,NEGOTIN,0.0000,0.0000,95.2819,57.9235,68.5184,1090.2940,221.7238,0.00,0.00,0.09,0.05,0.06,0.20
"71358",ВРАЊСКА БАЊА,VRANJSKA BANJA,9.7891,0.0000,0.0000,3.3483,47.9028,258.4789,61.0402,0.04,0.00,0.00,0.01,0.19,0.24
"70084",БЕЛА ПАЛАНКА,BELA PALANKA,60.3343,0.0000,0.0000,72.0353,41.9929,516.9386,174.3625,0.12,0.00,0.00,0.14,0.08,0.34
"80284",НОВИ САД,NOVI SAD,89.5905,26.7210,62.6065,141.8251,72.8169,609.9237,393.5600,0.15,0.04,0.10,0.23,0.12,0.65
"70335",БОСИЛЕГРАД,BOSILEGRAD,0.0000,0.0000,0.0000,55.1020,48.7505,571.1376,103.8525,0.00,0.00,0.00,0.10,0.09,0.18
"80292",ОПОВО,OPOVO,0.0000,0.0000,0.0000,17.2402,0.0000,203.5221,17.2402,0.00,0.00,0.00,0.08,0.00,0.08
"70572",КЛАДОВО,KLADOVO,0.0000,0.0000,70.1241,32.7476,10.1089,627.1066,112.9806,0.00,0.00,0.11,0.05,0.02,0.18
"71340",КОСТОЛАЦ,KOSTOLAC,0.0000,0.0000,0.0000,3.7176,1.1639,101.2150,4.8815,0.00,0.00,0.00,0.04,0.01,0.05
"80012",АДА,ADA,0.0000,0.0000,0.0000,16.1267,4.4115,227.0332,20.5382,0.00,0.00,0.00,0.07,0.02,0.09
"70068",БАЈИНА БАШТА,BAJINA BAŠTA,0.0000,0.0000,43.5644,91.8838,54.9089,673.2142,190.3571,0.00,0.00,0.06,0.14,0.08,0.28
"70823",МЕРОШИНА,MEROŠINA,10.5919,0.0000,15.4203,2.4662,27.7320,193.3401,56.2104,0.05,0.00,0.08,0.01,0.14,0.29
"80268",НОВИ БЕЧЕЈ,NOVI BEČEJ,0.0000,0.0000,35.7733,31.9695,22.9862,608.6197,90.7290,0.00,0.00,0.06,0.05,0.04,0.15
"70319",БОЉЕВАЦ,BOLJEVAC,0.0000,0.0000,42.5048,32.8369,90.6521,827.7179,165.9938,0.00,0.00,0.05,0.04,0.11,0.20
"80519",НОВИ САД,NOVI SAD,0.0000,7.4321,23.0348,26.1491,17.3361,89.2689,73.9521,0.00,0.08,0.26,0.29,0.19,0.83
"80276",НОВИ КНЕЖЕВАЦ,NOVI KNEŽEVAC,0.0000,0.0000,5.5156,35.1452,7.4489,305.3624,48.1097,0.00,0.00,0.02,0.12,0.02,0.16
"70831",МИОНИЦА,MIONICA,0.0000,0.0000,0.0000,60.0413,27.5665,329.2947,87.6078,0.00,0.00,0.00,0.18,0.08,0.27
"70556",ЗАЈЕЧАР,ZAJEČAR,0.0000,0.0000,102.1976,84.8634,80.6912,1068.6917,267.7522,0.00,0.00,0.10,0.08,0.08,0.25
"71323",ПАЛИЛУЛА (НИШ),PALILULA (NIŠ),12.5311,0.0000,11.7460,17.3269,36.4860,117.2165,78.0900,0.11,0.00,0.10,0.15,0.31,0.67
"70041",АРИЉЕ,ARILJE,0.0000,0.0000,17.8408,43.3750,1.7975,349.1842,63.0133,0.00,0.00,0.05,0.12,0.01,0.18
"70297",БОЈНИК,BOJNIK,0.0000,0.0000,0.0000,54.5990,25.7273,263.8662,80.3263,0.00,0.00,0.00,0.21,0.10,0.30
"70807",МАЛО ЦРНИЋЕ,MALO CRNIĆE,0.0000,0.3350,17.9285,28.8265,25.6688,269.3548,72.7588,0.00,0.00,0.07,0.11,0.10,0.27
"71064",СВРЉИГ,SVRLJIG,0.0000,0.0000,20.6424,43.2312,19.4955,497.2874,83.3691,0.00,0.00,0.04,0.09,0.04,0.17
"70564",ИВАЊИЦА,IVANJICA,0.0000,0.0000,79.6105,107.6500,7.0601,1089.6965,194.3206,0.00,0.00,0.07,0.10,0.01,0.18
"70050",БАБУШНИЦА,BABUŠNICA,0.0000,0.0000,31.5977,40.8476,2.3217,528.6538,74.7670,0.00,0.00,0.06,0.08,0.00,0.14
"71331",МЕДИЈАНА,MEDIJANA,1.5719,0.0000,16.2470,4.3634,16.5483,10.6683,38.7306,0.15,0.00,1.52,0.41,1.55,3.63
"80250",НОВА ЦРЊА,NOVA CRNJA,0.0000,0.0000,19.9113,11.9735,6.9222,272.6068,38.8070,0.00,0.00,0.07,0.04,0.03,0.14
"70815",МЕДВЕЂА,MEDVEĐA,0.0000,0.0000,37.1692,22.0705,8.9851,523.9243,68.2248,0.00,0.00,0.07,0.04,0.02,0.13
"71072",СЈЕНИЦА,SJENICA,0.0000,0.0000,66.0354,77.3355,18.2912,1058.3619,161.6621,0.00,0.00,0.06,0.07,0.02,0.15
"71307",ПАНТЕЛЕЈ,PANTELEJ,27.1978,0.0000,24.7018,5.9334,24.5974,141.7353,82.4304,0.19,0.00,0.17,0.04,0.17,0.58
"70025",АЛЕКСИНАЦ,ALEKSINAC,67.1955,0.0000,0.0000,106.2831,11.0299,706.9571,184.5085,0.10,0.00,0.00,0.15,0.02,0.26
"71048",ЈАГОДИНА,JAGODINA,49.4037,0.0000,0.0000,81.4085,22.9072,469.6139,153.7194,0.11,0.00,0.00,0.17,0.05,0.33
"70548",ЖИТОРАЂА,ŽITORAĐA,0.0000,0.0000,0.0000,13.9536,25.6746,214.1338,39.6282,0.00,0.00,0.00,0.07,0.12,0.19
"70793",МАЛИ ЗВОРНИК,MALI ZVORNIK,0.0000,0.0000,35.9487,14.6878,1.5833,183.8663,52.2198,0.00,0.00,0.20,0.08,0.01,0.28
"71315",ЦРВЕНИ КРСТ,CRVENI KRST,42.4685,0.0000,18.8159,27.1645,38.3430,181.5120,126.7919,0.23,0.00,0.10,0.15,0.21,0.70
"70033",АРАНЂЕЛОВАЦ,ARANĐELOVAC,0.0000,0.0000,22.5798,43.8415,52.8516,375.7987,119.2729,0.00,0.00,0.06,0.12,0.14,0.32
"80233",КУЛА,KULA,0.0000,0.0000,26.5208,35.9800,14.5129,481.4185,77.0137,0.00,0.00,0.06,0.07,0.03,0.16
"71056",СВИЛАЈНАЦ,SVILAJNAC,0.0000,0.0000,2.9745,36.3878,31.0767,325.4383,70.4390,0.00,0.00,0.01,0.11,0.10,0.22
"70289",БОГАТИЋ,BOGATIĆ,0.0000,0.0000,28.6897,22.2560,29.5968,384.4609,80.5425,0.00,0.00,0.07,0.06,0.08,0.21
"80489",ЧОКА,ČOKA,0.0000,0.0000,27.3546,30.4364,6.5106,321.2383,64.3016,0.00,0.00,0.09,0.09,0.02,0.20
"80241",МАЛИ ИЂОШ,MALI IĐOŠ,35.3233,0.0000,0.0000,22.7391,0.0000,181.0800,58.0624,0.20,0.00,0.00,0.13,0.00,0.32
"71293",СУРЧИН,SURČIN,96.1311,1.2443,0.0000,48.9233,22.5612,288.1018,168.8599,0.33,0.00,0.00,0.17,0.08,0.59
"80497",ШИД,ŠID,43.0771,0.0000,10.3881,77.8150,12.0665,685.7419,143.3467,0.06,0.00,0.02,0.11,0.02,0.21
"70521",ЖАБАРИ,ŽABARI,0.0000,0.0000,0.0000,30.0724,23.5416,263.7973,53.6140,0.00,0.00,0.00,0.11,0.09,0.20
"70777",ЉУБОВИЈА,LJUBOVIJA,0.0000,0.0000,36.8438,34.6642,6.3314,356.1324,77.8394,0.00,0.00,0.10,0.10,0.02,0.22
"70017",АЛЕКСАНДРОВАЦ,ALEKSANDROVAC,0.0000,0.0000,0.0000,79.6174,20.0364,386.6416,99.6538,0.00,0.00,0.00,0.21,0.05,0.26
"80217",КОВАЧИЦА,KOVAČICA,0.0000,0.0000,0.0000,61.9911,0.0000,419.7151,61.9911,0.00,0.00,0.00,0.15,0.00,0.15
"70530",ЖАГУБИЦА,ŽAGUBICA,0.0000,0.0000,0.0000,90.0826,24.4323,760.0410,114.5149,0.00,0.00,0.00,0.12,0.03,0.15
"70785",МАЈДАНПЕК,MAJDANPEK,0.0000,0.0000,100.8201,65.4830,30.4255,931.6054,196.7286,0.00,0.00,0.11,0.07,0.03,0.21
"70254",ЧУКАРИЦА,ČUKARICA,0.0000,35.6476,34.4082,37.2628,62.6263,157.0186,169.9449,0.00,0.23,0.22,0.24,0.40,1.08
"71021",РАШКА,RAŠKA,0.0000,0.0000,39.7948,93.3270,18.3234,670.1427,151.4452,0.00,0.00,0.06,0.14,0.03,0.23
"80225",КОВИН,KOVIN,0.0000,0.0000,25.4138,31.7235,31.2864,738.1017,88.4237,0.00,0.00,0.03,0.04,0.04,0.12
"71277",ЛАПОВО,LAPOVO,20.8429,0.0000,0.0000,8.6249,0.0446,55.0862,29.5124,0.38,0.00,0.00,0.16,0.00,0.54
"70505",ДИМИТРОВГРАД,DIMITROVGRAD,25.2749,0.0000,0.0000,51.2704,40.3142,483.1112,116.8595,0.05,0.00,0.00,0.11,0.08,0.24
"70262",БЛАЦЕ,BLACE,0.0000,0.0000,19.1081,11.2434,12.7383,306.2581,43.0898,0.00,0.00,0.06,0.04,0.04,0.14
"80462",ВРБАС,VRBAS,43.5038,0.0000,15.4772,43.5153,20.3921,375.5084,122.8884,0.12,0.00,0.04,0.12,0.05,0.33
"71030",РЕКОВАЦ,REKOVAC,0.0000,0.0000,0.0000,70.9032,26.9257,366.0345,97.8289,0.00,0.00,0.00,0.19,0.07,0.27
"71285",НИШКА БАЊА,NIŠKA BANJA,21.6934,0.0000,4.4820,22.8226,25.1329,145.4788,74.1309,0.15,0.00,0.03,0.16,0.17,0.51
"70513",ДОЉЕВАЦ,DOLJEVAC,24.4117,0.0000,0.0000,31.8831,6.2011,121.2146,62.4959,0.20,0.00,0.00,0.26,0.05,0.52
"70769",ЉИГ,LJIG,41.5601,0.0000,21.4565,25.4294,66.1618,278.7250,154.6078,0.15,0.00,0.08,0.09,0.24,0.55
"70238",СОПОТ,SOPOT,11.5603,2.1871,0.0000,56.4887,32.5519,270.6924,102.7880,0.04,0.01,0.00,0.21,0.12,0.38
"70491",ДЕСПОТОВАЦ,DESPOTOVAC,0.0000,0.0000,0.0000,78.4235,22.6498,623.2690,101.0733,0.00,0.00,0.00,0.13,0.04,0.16
"80209",КИКИНДА,KIKINDA,0.0000,0.0000,60.4155,52.4430,73.8538,782.3225,186.7123,0.00,0.00,0.08,0.07,0.09,0.24
"71005",РАЖАЊ,RAŽANJ,27.0594,0.0000,0.0000,18.8649,13.8576,288.8431,59.7819,0.09,0.00,0.00,0.07,0.05,0.21
"80187",ИРИГ,IRIG,0.0000,0.0000,13.3219,0.0000,64.6837,230.2448,78.0056,0.00,0.00,0.06,0.00,0.28,0.34
"80446",ТЕМЕРИН,TEMERIN,3.8464,0.0000,0.0000,37.7916,0.0000,169.6306,41.6380,0.02,0.00,0.00,0.22,0.00,0.25
"70246",СТАРИ ГРАД,STARI GRAD,0.0000,0.0000,1.6298,15.2460,6.4292,5.4296,23.3050,0.00,0.00,0.30,2.81,1.18,4.29
"71013",РАЧА,RAČA,0.0000,0.0000,23.4351,18.7877,20.6323,216.0812,62.8551,0.00,0.00,0.11,0.09,0.10,0.29
"71269",ШАБАЦ,ŠABAC,0.0000,0.0000,60.1100,76.0192,64.7380,796.6951,200.8672,0.00,0.00,0.08,0.10,0.08,0.25
"80195",КАЊИЖА,KANJIŽA,23.3713,0.0000,19.8318,26.8452,21.9546,398.4627,92.0029,0.06,0.00,0.05,0.07,0.06,0.23
"70220",САВСКИ ВЕНАЦ,SAVSKI VENAC,10.7257,0.0000,12.6510,19.5782,16.4818,14.0925,59.4367,0.76,0.00,0.90,1.39,1.17,4.22
"70475",ГОЛУБАЦ,GOLUBAC,0.0000,0.0000,44.5538,13.6247,28.9415,367.8904,87.1200,0.00,0.00,0.12,0.04,0.08,0.24
"80454",ТИТЕЛ,TITEL,0.0000,0.0000,0.0000,31.2669,23.3034,259.8377,54.5703,0.00,0.00,0.00,0.12,0.09,0.21
"70734",ЛОЗНИЦА,LOZNICA,0.0000,0.0000,61.5239,45.6147,76.2538,612.1356,183.3924,0.00,0.00,0.10,0.07,0.12,0.30
"70483",ГОРЊИ МИЛАНОВАЦ,GORNJI MILANOVAC,63.1596,0.0000,39.5489,85.6455,104.4333,836.5420,292.7873,0.08,0.00,0.05,0.10,0.12,0.35
"71242",ЧАЧАК,ČAČAK,11.5570,0.6348,56.9814,44.5800,85.5830,636.4504,199.3362,0.02,0.00,0.09,0.07,0.13,0.31
"70742",ЛУЧАНИ,LUČANI,0.0000,0.0000,1.5916,89.6939,12.7337,454.3863,104.0192,0.00,0.00,0.00,0.20,0.03,0.23
"70998",ПРОКУПЉЕ,PROKUPLJE,0.0000,0.0000,31.3776,69.2866,35.9703,759.1188,136.6345,0.00,0.00,0.04,0.09,0.05,0.18
"80179",ИНЂИЈА,INĐIJA,45.3073,0.0000,0.0000,58.6226,47.5487,386.1430,151.4786,0.12,0.00,0.00,0.15,0.12,0.39
"70203",ПАЛИЛУЛА (БЕОГРАД),PALILULA (БЕОГРАД),0.0000,24.6409,76.1050,37.3192,50.9947,451.2206,189.0598,0.00,0.05,0.17,0.08,0.11,0.42
"70459",ВРЊАЧКА БАЊА,VRNJAČKA BANJA,0.0000,0.0000,15.5034,38.0260,37.6884,239.1399,91.2178,0.00,0.00,0.06,0.16,0.16,0.38
"80438",СУБОТИЦА,SUBOTICA,82.2059,23.7760,40.6728,76.7121,92.5405,1007.3952,315.9073,0.08,0.02,0.04,0.08,0.09,0.31
"70718",ЛЕБАНЕ,LEBANE,0.0000,0.0000,24.1094,5.6785,48.2394,336.8301,78.0273,0.00,0.00,0.07,0.02,0.14,0.23
"70971",ПРИБОЈ,PRIBOJ,0.0000,0.0000,0.0000,78.5555,0.8789,553.0246,79.4344,0.00,0.00,0.00,0.14,0.00,0.14
"80411",СРЕМСКИ КАРЛОВЦИ,SREMSKI KARLOVCI,0.0000,0.0000,0.0000,8.9509,3.6844,50.4993,12.6353,0.00,0.00,0.00,0.18,0.07,0.25
"70211",РАКОВИЦА,RAKOVICA,0.0000,7.3846,4.1943,24.6531,31.0823,30.0421,67.3143,0.00,0.25,0.14,0.82,1.03,2.24
"70467",ГАЏИН ХАН,GADŽIN HAN,0.0000,0.0000,0.0000,51.1053,5.1838,324.7797,56.2891,0.00,0.00,0.00,0.16,0.02,0.17
"71226",ЦРНА ТРАВА,CRNA TRAVA,0.0000,0.0000,0.0000,46.3963,19.3830,312.1024,65.7793,0.00,0.00,0.00,0.15,0.06,0.21
"80152",ЗРЕЊАНИН,ZRENJANIN,0.0000,0.0000,129.7622,49.6828,49.2284,1325.7986,228.6734,0.00,0.00,0.10,0.04,0.04,0.17
"70980",ПРИЈЕПОЉЕ,PRIJEPOLJE,0.0000,0.0000,72.9829,0.0000,29.0104,826.7961,101.9933,0.00,0.00,0.09,0.00,0.04,0.12
"70726",ЛЕСКОВАЦ,LESKOVAC,105.9258,0.0000,18.8436,134.0933,106.0262,1025.1678,364.8889,0.10,0.00,0.02,0.13,0.10,0.36
"80420",СТАРА ПАЗОВА,STARA PAZOVA,39.6164,0.0000,0.0000,68.5298,24.4768,343.9162,132.6230,0.12,0.00,0.00,0.20,0.07,0.39
"70190",ОБРЕНОВАЦ,OBRENOVAC,39.4338,0.0000,28.6332,44.5241,29.4282,410.1251,142.0193,0.10,0.00,0.07,0.11,0.07,0.35
"70700",ЛАЈКОВАЦ,LAJKOVAC,35.3280,0.0000,18.6733,15.3036,33.2616,185.7674,102.5665,0.19,0.00,0.10,0.08,0.18,0.55
"71234",ЧАЈЕТИНА,ČAJETINA,0.0000,0.0000,46.7147,41.3281,49.9427,646.7726,137.9855,0.00,0.00,0.07,0.06,0.08,0.21
"70955",ПОЖЕГА,POŽEGA,0.0000,0.0000,52.1665,52.1982,6.3768,426.4258,110.7415,0.00,0.00,0.12,0.12,0.01,0.26
"70696",КУЧЕВО,KUČEVO,0.0000,0.0000,54.7996,19.5007,22.9231,721.1356,97.2234,0.00,0.00,0.08,0.03,0.03,0.13
"80136",ЖАБАЉ,ŽABALJ,0.0000,0.0000,20.7696,51.0775,0.0000,399.8305,71.8471,0.00,0.00,0.05,0.13,0.00,0.18
"70963",ПРЕШЕВО,PREŠEVO,26.8732,0.0000,19.7919,6.9196,57.6496,264.7235,111.2343,0.10,0.00,0.07,0.03,0.22,0.42
"80403",СРЕМСКА МИТРОВИЦА,SREMSKA MITROVICA,69.4517,0.0000,45.5996,59.2985,84.0550,761.0793,258.4048,0.09,0.00,0.06,0.08,0.11,0.34
"71218",УБ,UB,34.8697,0.0000,3.5233,70.3601,59.5507,456.9143,168.3038,0.08,0.00,0.01,0.15,0.13,0.37
"70173",МЛАДЕНОВАЦ,MLADENOVAC,3.0879,6.2035,18.5750,43.9343,23.1217,338.7031,94.9224,0.01,0.02,0.05,0.13,0.07,0.28
"80144",ЖИТИШТЕ,ŽITIŠTE,0.0000,0.0000,21.9035,43.4913,22.9426,524.9578,88.3374,0.00,0.00,0.04,0.08,0.04,0.17
"70939",ПИРОТ,PIROT,75.7797,0.0000,11.8950,117.1876,16.7311,1232.1974,221.5934,0.06,0.00,0.01,0.10,0.01,0.18
"71196",ЋИЋЕВАЦ,ĆIĆEVAC,14.1538,0.0000,13.4993,10.5008,1.0897,123.8154,39.2436,0.11,0.00,0.11,0.08,0.01,0.32
"70424",ВЛАСОТИНЦЕ,VLASOTINCE,1.2426,0.0000,25.8717,9.5141,4.0602,307.8814,40.6886,0.00,0.00,0.08,0.03,0.01,0.13
"80381",СОМБОР,SOMBOR,0.0000,0.0000,111.7086,27.8630,39.1244,1216.7637,178.6960,0.00,0.00,0.09,0.02,0.03,0.15
"70181",НОВИ БЕОГРАД,NOVI BEOGRAD,16.4483,0.0000,17.1712,60.8958,56.3545,40.7728,150.8698,0.40,0.00,0.42,1.49,1.38,3.70
"70947",ПОЖАРЕВАЦ,POŽAREVAC,0.0000,16.7070,21.1393,30.0578,57.5171,378.8173,125.4212,0.00,0.04,0.06,0.08,0.15,0.33
"70432",ВРАЊЕ,VRANJE,38.4196,0.0000,0.0000,92.4582,46.5418,599.7847,177.4196,0.06,0.00,0.00,0.15,0.08,0.30
"70688",КУРШУМЛИЈА,KURŠUMLIJA,0.0000,0.0000,36.1933,101.3103,4.9356,951.6220,142.4392,0.00,0.00,0.04,0.11,0.01,0.15
"71200",ЋУПРИЈА,ĆUPRIJA,22.5467,0.0000,0.0000,51.5848,18.6594,288.3004,92.7909,0.08,0.00,0.00,0.18,0.06,0.32
"80390",СРБОБРАН,SRBOBRAN,1.3019,0.0000,12.9853,31.0475,0.0000,284.1705,45.3347,0.00,0.00,0.05,0.11,0.00,0.16
"80128",ВРШАЦ,VRŠAC,0.0000,0.0000,63.8716,15.9016,27.6526,800.1080,107.4258,0.00,0.00,0.08,0.02,0.03,0.13
"70157",ЗЕМУН,ZEMUN,48.2427,0.0000,24.1858,46.1874,36.3166,149.7636,154.9325,0.32,0.00,0.16,0.31,0.24,1.03
"70670",КРУШЕВАЦ,KRUŠEVAC,0.0000,0.0000,66.7875,95.8467,79.1003,854.0333,241.7345,0.00,0.00,0.08,0.11,0.09,0.28
"70408",ВЛАДИМИРЦИ,VLADIMIRCI,0.0000,0.0000,31.5913,17.8409,33.4176,337.9441,82.8498,0.00,0.00,0.09,0.05,0.10,0.25
"80110",БЕЧЕЈ,BEČEJ,0.0000,0.0000,23.0427,56.9345,4.4370,486.5045,84.4142,0.00,0.00,0.05,0.12,0.01,0.17
"70165",ЛАЗАРЕВАЦ,LAZAREVAC,3.5131,0.0000,60.6911,25.2824,88.1003,383.5891,177.5869,0.01,0.00,0.16,0.07,0.23,0.46
"80365",СЕНТА,SENTA,0.0000,0.0000,0.0000,37.5583,2.2814,294.2355,39.8397,0.00,0.00,0.00,0.13,0.01,0.14
"71188",ТУТИН,TUTIN,0.0000,0.0000,29.6352,81.4794,1.5108,741.5746,112.6254,0.00,0.00,0.04,0.11,0.00,0.15
"70416",ВЛАДИЧИН ХАН,VLADIČIN HAN,49.0136,0.0000,6.9830,27.5126,62.7391,365.6251,146.2483,0.13,0.00,0.02,0.08,0.17,0.40
"90026",ВУЧИТРН,VUČITRN,0.0000,9.6241,13.9989,48.2191,39.2842,346.7869,111.1263,0.00,0.03,0.04,0.14,0.11,0.32
"90093",ЗУБИН ПОТОК,ZUBIN POTOK,0.0000,0.0000,25.9542,24.0463,14.4450,334.0572,64.4455,0.00,0.00,0.08,0.07,0.04,0.19
"90352",ЗВЕЧАН,ZVEČAN,0.0000,0.0000,11.5289,12.5482,14.3812,116.4546,38.4583,0.00,0.00,0.10,0.11,0.12,0.33
"90336",ГОРА,GORA,0.0000,0.0000,0.0000,33.2489,24.0408,309.7986,57.2897,0.00,0.00,0.00,0.11,0.08,0.18
"90328",ШТРПЦЕ,ŠTRPCE,0.0000,0.0000,0.0000,36.8812,6.9302,232.6700,43.8114,0.00,0.00,0.00,0.16,0.03,0.19
"90115",КАЧАНИК,KAČANIK,46.0238,0.0514,23.7026,32.3803,70.6481,304.8601,172.8062,0.15,0.00,0.08,0.11,0.23,0.57
"90255",ПРИЗРЕН,PRIZREN,58.3645,0.5215,40.1410,117.6918,92.0571,760.0391,308.7759,0.08,0.00,0.05,0.15,0.12,0.41
"90018",ВИТИНА,VITINA,0.0000,0.0000,10.3893,25.7298,40.8271,290.5035,76.9462,0.00,0.00,0.04,0.09,0.14,0.26
"90301",УРОШЕВАЦ,UROŠEVAC,35.9704,0.0000,42.8382,19.4490,77.1327,350.2117,175.3903,0.10,0.00,0.12,0.06,0.22,0.50
"90310",ШТИМЉЕ,ŠTIMLJE,0.0000,0.0000,21.2542,18.2977,48.5732,136.5109,88.1251,0.00,0.00,0.16,0.13,0.36,0.65
"90280",СУВА РЕКА,SUVA REKA,62.6243,0.0000,27.8991,41.9261,123.2811,431.0393,255.7306,0.15,0.00,0.06,0.10,0.29,0.59
"90212",ОРАХОВАЦ,ORAHOVAC,0.0000,0.0000,5.8063,84.5438,84.0922,400.5607,174.4423,0.00,0.00,0.01,0.21,0.21,0.44
"90085",ЂАКОВИЦА,ĐAKOVICA,0.0000,0.0000,42.3328,60.7096,114.3893,587.6481,217.4317,0.00,0.00,0.07,0.10,0.19,0.37
"90042",ГЊИЛАНЕ,GNJILANE,0.0000,0.0000,61.3999,48.6060,148.6761,517.8778,258.6820,0.00,0.00,0.12,0.09,0.29,0.50
"90166",ЛИПЉАН,LIPLJAN,36.0195,0.5897,26.5667,52.9859,121.4150,405.9620,237.5768,0.09,0.00,0.07,0.13,0.30,0.59
"90182",НОВО БРДО,NOVO BRDO,0.0000,0.0000,3.2259,20.1063,6.1844,80.7823,29.5166,0.00,0.00,0.04,0.25,0.08,0.37
"90069",ДЕЧАНИ,DEČANI,0.0000,0.0000,0.0000,55.5788,54.5006,370.9620,110.0794,0.00,0.00,0.00,0.15,0.15,0.30
"90131",КОСОВО ПОЉЕ,KOSOVO POLJE,30.1426,33.3982,0.0000,11.0973,37.2147,99.4674,111.8528,0.30,0.34,0.00,0.11,0.37,1.12
"90123",КЛИНА,KLINA,1.5024,20.9389,30.2480,55.7268,90.3605,401.8421,198.7766,0.00,0.05,0.08,0.14,0.22,0.49
"90034",ГЛОГОВАЦ,GLOGOVAC,10.2180,39.5373,0.0000,27.4785,73.6638,289.5846,150.8976,0.04,0.14,0.00,0.09,0.25,0.52
"90140",КОСОВСКА КАМЕНИЦА,KOSOVSKA KAMENICA,0.0000,0.0000,9.9586,108.0554,45.1161,520.6524,163.1301,0.00,0.00,0.02,0.21,0.09,0.31
"90204",ОБИЛИЋ,OBILIĆ,14.2485,17.6069,0.0000,25.5540,25.0489,106.9142,82.4583,0.13,0.16,0.00,0.24,0.23,0.77
"90263",ПРИШТИНА-ГРАД,PRIŠTINA-GRAD,15.2492,38.6360,78.6371,6.0425,161.0398,564.6736,299.6046,0.03,0.07,0.14,0.01,0.29,0.53
"90239",ПЕЋ,PEĆ,0.0000,13.6140,34.4776,63.8976,97.7887,605.2192,209.7779,0.00,0.02,0.06,0.11,0.16,0.35
"90271",СРБИЦА,SRBICA,0.0000,0.0000,0.0000,71.4114,136.3993,375.1763,207.8107,0.00,0.00,0.00,0.19,0.36,0.55
"90298",КОСОВСКА МИТРОВИЦА,KOSOVSKA MITROVICA,0.0000,0.0000,21.2046,52.5935,41.1859,346.0415,114.9840,0.00,0.00,0.06,0.15,0.12,0.33
"90247",ПОДУЈЕВО,PODUJEVO,0.0000,0.0000,24.6152,87.8102,57.9685,622.9013,170.3939,0.00,0.00,0.04,0.14,0.09,0.27
"90158",ЛЕПОСАВИЋ,LEPOSAVIĆ,0.0000,0.0000,38.3419,18.1208,57.2709,538.6966,113.7336,0.00,0.00,0.07,0.03,0.11,0.21
"90107",ИСТОК,ISTOK,0.0000,0.0000,0.0000,86.6987,90.0405,455.7785,176.7392,0.00,0.00,0.00,0.19,0.20,0.39
